"item"	"group1"	"vars"	"n"	"mean"	"sd"	"median"	"trimmed"	"mad"	"min"	"max"	"range"	"skew"	"kurtosis"	"se"
"Nacetylglutamate1"	"4"	"ADI1x"	2	3	0.999066666666667	0.358878206406203	1.20592	0.999066666666667	0.001022994	0.58467	1.20661	0.62194	-0.384898578779897	-2.33333333333333	0.207198429074911
"Nacetylglutamate2"	"5"	"ADI2x"	2	3	0.376736666666667	0.078903995674068	0.38971	0.376736666666667	0.086939664	0.29215	0.44835	0.1562	-0.159974362384838	-2.33333333333333	0.04555524314256
"Nacetylglutamate3"	"6"	"Ctrl"	2	3	0.94601	0.098944374271608	0.96767	0.94601	0.095864916	0.83803	1.03233	0.1943	-0.208420238264743	-2.33333333333333	0.057125561120512
"Nacetylglutamine1"	"7"	"ADI1x"	3	3	1.07919666666667	0.255449770861775	1.10078	1.07919666666667	0.329715414	0.81364	1.32317	0.50953	-0.083888327173357	-2.33333333333333	0.147483993971474
"Nacetylglutamine2"	"8"	"ADI2x"	3	3	0.92855	0.124401914776261	0.98733	0.92855	0.037569084	0.78565	1.01267	0.22702	-0.367011674768526	-2.33333333333333	0.071823478983779
"Nacetylglutamine3"	"9"	"Ctrl"	3	3	1.09417	0.200005894163147	1.11944	1.09417	0.23855034	0.88273	1.28034	0.39761	-0.124329362649835	-2.33333333333333	0.115473456834605
"pyroglutamine*1"	"10"	"ADI1x"	4	3	0.89894	0.470968566573184	0.65051	0.89894	0.068659206	0.6042	1.44211	0.83791	0.380717751341889	-2.33333333333333	0.27191382869088
"pyroglutamine*2"	"11"	"ADI2x"	4	3	0.843133333333333	0.103391741610891	0.89127	0.843133333333333	0.033225066	0.72445	0.91368	0.18923	-0.364657116796152	-2.33333333333333	0.059693249851032
"pyroglutamine*3"	"12"	"Ctrl"	4	3	1.13672333333333	0.08081778537756	1.16344	1.13672333333333	0.055389936	1.04593	1.2008	0.15487	-0.29445254183777	-2.33333333333333	0.046660170143044
"NacetylaspartylglutamateNAAG1"	"13"	"ADI1x"	5	3	9.01674333333333	6.95346760081855	8.40212	9.01674333333333	8.912101338	2.39099	16.25712	13.86613	0.087700316600908	-2.33333333333333	4.01458639113393
"NacetylaspartylglutamateNAAG2"	"14"	"ADI2x"	5	3	0.539693333333333	0.188158452728899	0.43106	0.539693333333333	0	0.43106	0.75696	0.3259	0.38490017945975	-2.33333333333333	0.108633333333333
"NacetylaspartylglutamateNAAG3"	"15"	"Ctrl"	5	3	0.894953333333333	0.408800934604281	1	0.894953333333333	0.357276948	0.44388	1.24098	0.7971	-0.239995643437771	-2.33333333333333	0.236021329638752
"betacitrylglutamate1"	"16"	"ADI1x"	6	3	3.29468666666667	2.50694895979821	3.89769	3.29468666666667	2.29424937	0.54123	5.44514	4.90391	-0.226616488249246	-2.33333333333333	1.44738765678415
"betacitrylglutamate2"	"17"	"ADI2x"	6	3	1.44528	0.592164377432483	1.74718	1.44528	0.116339622	0.76301	1.82565	1.06264	-0.377310429880521	-2.33333333333333	0.341886262715151
"betacitrylglutamate3"	"18"	"Ctrl"	6	3	1.11754333333333	0.725897955799115	0.79338	1.11754333333333	0.271567842	0.61021	1.94904	1.33883	0.357512375368659	-2.33333333333333	0.419097380184818
"S1pyrroline5carboxylate1"	"19"	"ADI1x"	7	3	1.48345	0.638455120114171	1.27347	1.48345	0.440391504	0.97643	2.20045	1.22402	0.293312826850217	-2.33333333333333	0.368612235463411
"S1pyrroline5carboxylate2"	"20"	"ADI2x"	7	3	1.49126333333333	0.922882660002524	1.65819	1.49126333333333	0.98014686	0.49631	2.31929	1.82298	-0.174957795380347	-2.33333333333333	0.532826552182895
"S1pyrroline5carboxylate3"	"21"	"Ctrl"	7	3	1.7901	1.74939525610995	0.85766	1.7901	0.227149146	0.70445	3.80819	3.10374	0.381581604037686	-2.33333333333333	1.01001382203414
"histidine1"	"22"	"ADI1x"	8	3	0.9823	0.159402343771978	1.02078	0.9823	0.145532016	0.80718	1.11894	0.31176	-0.227334085574607	-2.33333333333333	0.092030986086209
"histidine2"	"23"	"ADI2x"	8	3	0.94693	0.093938207881564	0.89946	0.94693	0.019659276	0.8862	1.05513	0.16893	0.376290246737976	-2.33333333333333	0.054235249607612
"histidine3"	"24"	"Ctrl"	8	3	0.892763333333333	0.076805980452914	0.88064	0.892763333333333	0.08584254	0.82274	0.97491	0.15217	0.153911000084455	-2.33333333333333	0.044343953489863
"2hydroxy3methylvalerate1"	"25"	"ADI1x"	9	3	0.371556666666667	0.113603734240268	0.33948	0.371556666666667	0.091980504	0.27744	0.49775	0.22031	0.259844996752885	-2.33333333333333	0.065589146544565
"2hydroxy3methylvalerate2"	"26"	"ADI2x"	9	3	1.18857	0.582084107410604	1.40497	1.18857	0.335794074	0.52928	1.63146	1.10218	-0.320385161386805	-2.33333333333333	0.336066416104516
"2hydroxy3methylvalerate3"	"27"	"Ctrl"	9	3	1.84727	1.22374947942788	2.05355	1.84727	1.336148772	0.53349	2.95477	2.42128	-0.163774372322113	-2.33333333333333	0.706532091368349
"Smethylcysteine1"	"28"	"ADI1x"	10	3	1.05913333333333	0.252698660331497	1.16766	1.05913333333333	0.106421028	0.7703	1.23944	0.46914	-0.350256934604532	-2.33333333333333	0.145895639566248
"Smethylcysteine2"	"29"	"ADI2x"	10	3	0.875083333333333	0.170244874323233	0.95225	0.875083333333333	0.060534558	0.67992	0.99308	0.31316	-0.360143491915931	-2.33333333333333	0.098290924018672
"Smethylcysteine3"	"30"	"Ctrl"	10	3	0.953656666666667	0.080432133089539	0.99488	0.953656666666667	0.015181824	0.86097	1.00512	0.14415	-0.377893587799275	-2.33333333333333	0.046437513690741
"cysteinessulfate1"	"31"	"ADI1x"	11	3	0.982333333333333	0.095149399542684	0.93195	0.982333333333333	0.013313748	0.92297	1.09208	0.16911	0.381046834796264	-2.33333333333333	0.0549345314392
"cysteinessulfate2"	"32"	"ADI2x"	11	3	1.02295666666667	0.387292856419188	0.82525	1.02295666666667	0.075360558	0.77442	1.4692	0.69478	0.377454897477156	-2.33333333333333	0.223603634908837
"cysteinessulfate3"	"33"	"Ctrl"	11	3	0.42073	0	0.42073	0.42073	0	0.42073	0.42073	0	NA	NA	0
"cystine1"	"34"	"ADI1x"	12	3	1.20466	0.435661164553372	1.27005	1.20466	0.495010488	0.74	1.60393	0.86393	-0.146712379572185	-2.33333333333333	0.251529090630355
"cystine2"	"35"	"ADI2x"	12	3	0.371096666666667	0.074610975287375	0.32802	0.371096666666667	0	0.32802	0.45725	0.12923	0.384900179459751	-2.33333333333333	0.043076666666667
"cystine3"	"36"	"Ctrl"	12	3	0.32802	0	0.32802	0.32802	0	0.32802	0.32802	0	NA	NA	0
"proline1"	"37"	"ADI1x"	13	3	0.938376666666667	0.173029810244748	1.00206	0.938376666666667	0.101528448	0.74253	1.07054	0.32801	-0.31819266246549	-2.33333333333333	0.099898807522635
"proline2"	"38"	"ADI2x"	13	3	0.90657	0.029083748039068	0.89435	0.90657	0.012987576	0.88559	0.93977	0.05418	0.34599008445721	-2.33333333333333	0.016791509759399
"proline3"	"39"	"Ctrl"	13	3	1.01526	0.03700615759573	0.99794	1.01526	0.01163841	0.99009	1.05775	0.06766	0.365507129252579	-2.33333333333333	0.021365515049568
"dimethylarginineSDMA+ADMA1"	"40"	"ADI1x"	14	3	0.904293333333333	0.218353992483154	0.98709	0.904293333333333	0.12164733	0.65665	1.06914	0.41249	-0.324665582657598	-2.33333333333333	0.126066736338779
"dimethylarginineSDMA+ADMA2"	"41"	"ADI2x"	14	3	1.02008	0.058625145628817	1.04716	1.02008	0.019436886	0.95281	1.06027	0.10746	-0.363359308401802	-2.33333333333333	0.033847243610079
"dimethylarginineSDMA+ADMA3"	"42"	"Ctrl"	14	3	0.990903333333333	0.050313180512996	1.01523	0.990903333333333	0.01363992	0.93305	1.02443	0.09138	-0.370472564931201	-2.33333333333333	0.029048328312965
"Nacetylcitrulline1"	"43"	"ADI1x"	15	3	0.694786666666667	0.345243913970012	0.49546	0.694786666666667	0	0.49546	1.09344	0.59798	0.384900179459751	-2.33333333333333	0.199326666666667
"Nacetylcitrulline2"	"44"	"ADI2x"	15	3	0.904263333333333	0.104386750276715	0.84827	0.904263333333333	0.01252797	0.83982	1.0247	0.18488	0.382064699090471	-2.33333333333333	0.060267718372092
"Nacetylcitrulline3"	"45"	"Ctrl"	15	3	0.88199	0.080860313504215	0.83822	0.88199	0.008554602	0.83245	0.9753	0.14285	0.382696487241242	-2.33333333333333	0.046684723768416
"Ndeltaacetylornithine1"	"46"	"ADI1x"	16	3	0.813553333333333	0.192683147247841	0.9182	0.813553333333333	0.019377582	0.59119	0.93127	0.34008	-0.382908790512108	-2.33333333333333	0.111245666931846
"Ndeltaacetylornithine2"	"47"	"ADI2x"	16	3	1.11179	0.080002256843167	1.13688	1.11179	0.058355136	1.02225	1.17624	0.15399	-0.282770407402098	-2.33333333333333	0.04618932452418
"Ndeltaacetylornithine3"	"48"	"Ctrl"	16	3	1.07643	0.115254293195525	1.13699	1.07643	0.017479854	0.94352	1.14878	0.20526	-0.380373913419814	-2.33333333333333	0.066542097201696
"trans4hydroxyproline1"	"49"	"ADI1x"	17	3	1.16889333333333	0.17190948471022	1.26636	1.16889333333333	0.005278056	0.9704	1.26992	0.29952	-0.384714492436782	-2.33333333333333	0.099251987273695
"trans4hydroxyproline2"	"50"	"ADI2x"	17	3	1.05212	0.102198100275886	1.06	1.05212	0.13365639	0.94621	1.15015	0.20394	-0.076646745568996	-2.33333333333333	0.059004100704951
"trans4hydroxyproline3"	"51"	"Ctrl"	17	3	0.90972	0.028646027647826	0.90312	0.90972	0.026938842	0.88495	0.94109	0.05614	0.218168095554009	-2.33333333333333	0.016538791773686
"prohydroxypro1"	"52"	"ADI1x"	18	3	1.43649	0.866011845588731	1.28715	1.43649	0.937433154	0.65486	2.36746	1.7126	0.167317572743332	-2.33333333333333	0.499992172172058
"prohydroxypro2"	"53"	"ADI2x"	18	3	1.05436666666667	0.208615859016838	1.03074	1.05436666666667	0.255259242	0.85857	1.27379	0.41522	0.111801748294368	-2.33333333333333	0.120444422360597
"prohydroxypro3"	"54"	"Ctrl"	18	3	0.829256666666667	0.290161746674735	0.94176	0.829256666666667	0.155020656	0.49969	1.04632	0.54663	-0.329438739055925	-2.33333333333333	0.16752496255119
"Nmethylproline1"	"55"	"ADI1x"	19	3	0.7458	0.219104427157463	0.6193	0.7458	0	0.6193	0.9988	0.3795	0.38490017945975	-2.33333333333333	0.1265
"Nmethylproline2"	"56"	"ADI2x"	19	3	0.97762	0.146174071914276	0.94383	0.97762	0.137184978	0.8513	1.13773	0.28643	0.218810284590198	-2.33333333333333	0.084393639768251
"Nmethylproline3"	"57"	"Ctrl"	19	3	0.6193	0	0.6193	0.6193	0	0.6193	0.6193	0	NA	NA	0
"Nmonomethylarginine1"	"58"	"ADI1x"	20	3	1.04806666666667	0.193993378323419	1.05115	1.04806666666667	0.28073031	0.85255	1.2405	0.38795	-0.01588999815025	-2.33333333333333	0.112002129196031
"Nmonomethylarginine2"	"59"	"ADI2x"	20	3	0.92789	0.178470779961315	0.97765	0.92789	0.14611023	0.72982	1.0762	0.34638	-0.257139114079105	-2.33333333333333	0.103040152853148
"Nmonomethylarginine3"	"60"	"Ctrl"	20	3	0.98132	0.03713704484743	0.98177	0.98132	0.054055596	0.94396	1.01823	0.07427	-0.01211550162449	-2.33333333333333	0.021441082839571
"guanidinoacetate1"	"61"	"ADI1x"	21	3	1.71890666666667	0.644023617682871	1.76656	1.71890666666667	0.846890772	1.05238	2.33778	1.2854	-0.073588034224634	-2.33333333333333	0.371827209033682
"guanidinoacetate2"	"62"	"ADI2x"	21	3	0.68453	0.092317703610954	0.63853	0.68453	0.021171528	0.62425	0.79081	0.16656	0.374565386856368	-2.33333333333333	0.053299651030753
"guanidinoacetate3"	"63"	"Ctrl"	21	3	0.870066666666667	0.070146612415236	0.85153	0.870066666666667	0.060015648	0.81105	0.94762	0.13657	0.245802716500561	-2.33333333333333	0.040499165560677
"creatine1"	"64"	"ADI1x"	22	3	1.20220666666667	0.115975325967782	1.25819	1.20220666666667	0.031697988	1.06886	1.27957	0.21071	-0.370236545933871	-2.33333333333333	0.066958385666854
"creatine2"	"65"	"ADI2x"	22	3	1.00353333333333	0.165164233517228	0.95078	1.00353333333333	0.118000134	0.87119	1.18863	0.31744	0.286815458442539	-2.33333333333333	0.09535761468167
"creatine3"	"66"	"Ctrl"	22	3	0.985603333333333	0.13679487356379	1.00266	0.985603333333333	0.163693866	0.84108	1.11307	0.27199	-0.122749376213731	-2.33333333333333	0.078978557075815
"creatinine1"	"67"	"ADI1x"	23	3	1.02837	0.246319789907348	1.05794	1.02837	0.297454038	0.7686	1.25857	0.48997	-0.118317155951372	-2.33333333333333	0.142212797009739
"creatinine2"	"68"	"ADI2x"	23	3	0.998826666666667	0.042013536310734	1.01093	0.998826666666667	0.033402978	0.95209	1.03346	0.08137	-0.264173535022332	-2.33333333333333	0.02425652649861
"creatinine3"	"69"	"Ctrl"	23	3	0.952276666666667	0.077721286873889	0.92356	0.952276666666667	0.045308256	0.893	1.04027	0.14727	0.319041825888245	-2.33333333333333	0.044872405898404
"putrescine1"	"70"	"ADI1x"	24	3	1.70992	0.542558539606557	2.01379	1.70992	0.027665316	1.08352	2.03245	0.94893	-0.384388053029386	-2.33333333333333	0.313246318892976
"putrescine2"	"71"	"ADI2x"	24	3	0.872556666666667	0.032479486346513	0.88393	0.872556666666667	0.020593314	0.83592	0.89782	0.0619	-0.307232331150028	-2.33333333333333	0.0187520401853
"putrescine3"	"72"	"Ctrl"	24	3	0.846193333333333	0.162500857331072	0.81559	0.846193333333333	0.169639092	0.70117	1.02182	0.32065	0.181647784221171	-2.33333333333333	0.093819913723639
"spermidine1"	"73"	"ADI1x"	25	3	1.76702333333333	0.25277782860317	1.87088	1.76702333333333	0.11927517	1.47886	1.95133	0.47247	-0.341505110235275	-2.33333333333333	0.145941347389209
"spermidine2"	"74"	"ADI2x"	25	3	0.913706666666667	0.249740688381636	1.03244	0.913706666666667	0.073373874	0.62675	1.08193	0.45518	-0.367965668145997	-2.33333333333333	0.14418785366474
"spermidine3"	"75"	"Ctrl"	25	3	1.19850666666667	0.628768164137891	0.96756	1.19850666666667	0.370190394	0.71787	1.91009	1.19222	0.317747931370211	-2.33333333333333	0.363019468822878
"5methylthioadenosineMTA1"	"76"	"ADI1x"	26	3	1.50538333333333	0.614721504775401	1.4819	1.50538333333333	0.858662616	0.90274	2.13151	1.22877	0.038145831072014	-2.33333333333333	0.35490962625873
"5methylthioadenosineMTA2"	"77"	"ADI2x"	26	3	1.14698333333333	0.476043788987246	1.34878	1.14698333333333	0.207727086	0.60328	1.48889	0.88561	-0.347730546450475	-2.33333333333333	0.274844009717836
"5methylthioadenosineMTA3"	"78"	"Ctrl"	26	3	1.03538666666667	0.273391734391026	0.96963	1.03538666666667	0.250203576	0.80087	1.33566	0.53479	0.226607420473437	-2.33333333333333	0.157842791444878
"Nacetylputrescine1"	"79"	"ADI1x"	27	3	1.15505	0.458667320723855	1.19935	1.15505	0.579118386	0.67584	1.58996	0.91412	-0.09568317913525	-2.33333333333333	0.264811701088402
"Nacetylputrescine2"	"80"	"ADI2x"	27	3	0.713203333333333	0.159995306597829	0.62083	0.713203333333333	0	0.62083	0.89795	0.27712	0.384900179459751	-2.33333333333333	0.092373333333333
"Nacetylputrescine3"	"81"	"Ctrl"	27	3	0.644363333333333	0.040760929004788	0.62083	0.644363333333333	0	0.62083	0.69143	0.0706	0.384900179459752	-2.33333333333333	0.023533333333333
"4acetamidobutanoate1"	"82"	"ADI1x"	28	3	1.09727333333333	0.294281880062863	0.9706	1.09727333333333	0.123144756	0.88754	1.43368	0.54614	0.350692667986689	-2.33333333333333	0.169903722671923
"4acetamidobutanoate2"	"83"	"ADI2x"	28	3	1.00817666666667	0.268560935791737	1.05406	1.00817666666667	0.291746028	0.71963	1.25084	0.53121	-0.165861908013436	-2.33333333333333	0.155053728573177
"4acetamidobutanoate3"	"84"	"Ctrl"	28	3	0.996923333333333	0.093747190002332	1.05001	0.996923333333333	0.003068982	0.88868	1.05208	0.1634	-0.38468907240279	-2.33333333333333	0.054124965383617
"N1+N8acetylspermidine1"	"85"	"ADI1x"	29	3	1.04583333333333	0.637744841636005	1.18103	1.04583333333333	0.628785486	0.35133	1.60514	1.25381	-0.202464763670921	-2.33333333333333	0.368202155992843
"N1+N8acetylspermidine2"	"86"	"ADI2x"	29	3	1.04822666666667	0.661353866347913	0.82444	1.04822666666667	0.439798464	0.5278	1.79244	1.26464	0.299632905281432	-2.33333333333333	0.381832832765567
"N1+N8acetylspermidine3"	"87"	"Ctrl"	29	3	0.478926666666667	0.288432237680418	0.62278	0.478926666666667	0.065768136	0.14686	0.66714	0.52028	-0.374683182912115	-2.33333333333333	0.166526430067756
"4guanidinobutanoate1"	"88"	"ADI1x"	30	3	1.12279	0.596448542373942	0.82051	1.12279	0.122329326	0.738	1.80986	1.07186	0.376630278911871	-2.33333333333333	0.344359726497355
"4guanidinobutanoate2"	"89"	"ADI2x"	30	3	0.911346666666667	0.115097698210404	0.92152	0.911346666666667	0.1475187	0.7915	1.02102	0.22952	-0.087698135847372	-2.33333333333333	0.066451687044883
"4guanidinobutanoate3"	"90"	"Ctrl"	30	3	1.11205333333333	0.705327443981399	0.75619	1.11205333333333	0.149208864	0.65555	1.92442	1.26887	0.37610312617118	-2.33333333333333	0.407220989649491
"glutathioneoxidizedGSSG1"	"91"	"ADI1x"	31	3	1.75833666666667	0.523160335110885	1.85574	1.75833666666667	0.548873346	1.19332	2.22595	1.03263	-0.179728742743981	-2.33333333333333	0.302046760305604
"glutathioneoxidizedGSSG2"	"92"	"ADI2x"	31	3	1.17988333333333	0.645963466794627	1.36325	1.17988333333333	0.520526034	0.46206	1.71434	1.25228	-0.260991636288429	-2.33333333333333	0.372947181440542
"glutathioneoxidizedGSSG3"	"93"	"Ctrl"	31	3	0.411136666666667	0.284448411198469	0.26595	0.411136666666667	0.055404762	0.22858	0.73888	0.5103	0.377439858834866	-2.33333333333333	0.164226366775997
"ribulonatexylulonate*1"	"94"	"ADI1x"	32	3	0.854953333333333	0.220419390556578	0.8325	0.854953333333333	0.275585688	0.64662	1.08574	0.43912	0.10080937196761	-2.33333333333333	0.127259194472454
"ribulonatexylulonate*2"	"95"	"ADI2x"	32	3	0.858773333333333	0.282345704825367	0.99573	0.858773333333333	0.075301254	0.53407	1.04652	0.51245	-0.370935674357387	-2.33333333333333	0.16301236868546
"ribulonatexylulonate*3"	"96"	"Ctrl"	32	3	1.87243	0.503972619196718	1.82843	1.87243	0.647199378	1.3919	2.39696	1.00506	0.086640847027031	-2.33333333333333	0.290968727357426
"sucrose1"	"97"	"ADI1x"	33	3	0.84991	0.341504769512814	0.88701	0.84991	0.421562484	0.49137	1.17135	0.67998	-0.107354714844302	-2.33333333333333	0.197167870607764
"sucrose2"	"98"	"ADI2x"	33	3	1.55514	0.963713747800663	1.06483	1.55514	0.192233916	0.93517	2.66542	1.73025	0.377076770663951	-2.33333333333333	0.556400391714456
"sucrose3"	"99"	"Ctrl"	33	3	2.89712666666667	4.16689277731421	0.49137	2.89712666666667	0	0.49137	7.70864	7.21727	0.38490017945975	-2.33333333333333	2.40575666666667
"fructose1"	"100"	"ADI1x"	34	3	0.729726666666667	0.087885571246555	0.7086	0.729726666666667	0.080460702	0.65433	0.82625	0.17192	0.226497127004907	-2.33333333333333	0.050740758217083
"fructose2"	"101"	"ADI2x"	34	3	0.878296666666667	0.301793363302332	0.73475	0.878296666666667	0.088481568	0.67507	1.22507	0.55	0.368036120387023	-2.33333333333333	0.174240479542244
"fructose3"	"102"	"Ctrl"	34	3	1.11895333333333	0.348094183998143	1.10912	1.11895333333333	0.494061624	0.77588	1.47186	0.69598	0.028226516537522	-2.33333333333333	0.200972270834671
"mannitolsorbitol1"	"103"	"ADI1x"	35	3	0.862746666666667	0.026833233747227	0.84947	0.862746666666667	0.006419658	0.84514	0.89363	0.04849	0.373655450097612	-2.33333333333333	0.01549217472719
"mannitolsorbitol2"	"104"	"ADI2x"	35	3	0.745536666666667	0.076397262603665	0.71265	0.745536666666667	0.031964856	0.69109	0.83287	0.14178	0.350701639919703	-2.33333333333333	0.044107980129576
"mannitolsorbitol3"	"105"	"Ctrl"	35	3	2.54751666666667	2.26227141997448	1.43626	2.54751666666667	0.564099648	1.05578	5.15051	4.09473	0.372688054724494	-2.33333333333333	1.30612301330226
"mannose1"	"106"	"ADI1x"	36	3	0.889306666666667	0.156451801630193	0.90167	0.889306666666667	0.203916804	0.72704	1.03921	0.31217	-0.078529797515135	-2.33333333333333	0.090327489786394
"mannose2"	"107"	"ADI2x"	36	3	0.950013333333333	0.11201800852244	0.95156	0.950013333333333	0.162626394	0.83723	1.06125	0.22402	-0.013804671480951	-2.33333333333333	0.064673627374516
"mannose3"	"108"	"Ctrl"	36	3	0.97451	0.179453789037735	0.96079	0.97451	0.234962448	0.80231	1.16043	0.35812	0.076007329060577	-2.33333333333333	0.103607693408035
"galactitoldulcitol1"	"109"	"ADI1x"	37	3	0.89498	0.580778595421698	0.62463	0.89498	0.186763122	0.49866	1.56165	1.06299	0.364629220766166	-2.33333333333333	0.33531267840629
"galactitoldulcitol2"	"110"	"ADI2x"	37	3	1.07583666666667	0.263418396535499	0.95846	1.07583666666667	0.09926007	0.89151	1.37754	0.48603	0.35711800308041	-2.33333333333333	0.15208468214927
"galactitoldulcitol3"	"111"	"Ctrl"	37	3	1.57042	0.094376981833496	1.57789	1.57042	0.12298167	1.47253	1.66084	0.18831	-0.078654790641544	-2.33333333333333	0.054488575866873
"galactonate1"	"112"	"ADI1x"	38	3	1.23028333333333	0.340771137617806	1.22283	1.23028333333333	0.488561178	0.8933	1.57472	0.68142	0.02186149871601	-2.33333333333333	0.196744308035695
"galactonate2"	"113"	"ADI2x"	38	3	0.87258	0.1251516396217	0.9257	0.87258	0.054426246	0.72963	0.96241	0.23278	-0.347979768304202	-2.33333333333333	0.072256332825112
"galactonate3"	"114"	"Ctrl"	38	3	1.11569666666667	0.218199427664999	1.23055	1.11569666666667	0.032513418	0.86406	1.25248	0.38842	-0.380530865930582	-2.33333333333333	0.12597749829941
"glucuronate1"	"115"	"ADI1x"	39	3	0.811716666666667	0.469064009953155	0.775	0.811716666666667	0.612180366	0.36209	1.29806	0.93597	0.077796836725794	-2.33333333333333	0.270814232413619
"glucuronate2"	"116"	"ADI2x"	39	3	1.26044333333333	0.283346511771953	1.15741	1.26044333333333	0.169579788	1.04303	1.58089	0.53786	0.315548464964381	-2.33333333333333	0.163590184845478
"glucuronate3"	"117"	"Ctrl"	39	3	1.14376	0.410974656274569	1.31527	1.14376	0.186703818	0.67481	1.4412	0.76639	-0.344643614878261	-2.33333333333333	0.237276328430236
"Nacetylneuraminate1"	"118"	"ADI1x"	40	3	0.985396666666667	0.044844391325263	1.00472	0.985396666666667	0.018710412	0.93413	1.01734	0.08321	-0.35089158948487	-2.33333333333333	0.025890921403286
"Nacetylneuraminate2"	"119"	"ADI2x"	40	3	1.04936333333333	0.092221682013143	1.06376	1.04936333333333	0.103455828	0.95079	1.13354	0.18275	-0.152304943286174	-2.33333333333333	0.053244212935408
"Nacetylneuraminate3"	"120"	"Ctrl"	40	3	1.00824666666667	0.186458454443164	0.99528	1.00824666666667	0.247104942	0.82861	1.20085	0.37224	0.069205545031876	-2.33333333333333	0.107651838865442
"erythronate*1"	"121"	"ADI1x"	41	3	1.07201666666667	0.176653661533899	1.12669	1.07201666666667	0.130735668	0.87449	1.21487	0.34038	-0.279848984757856	-2.33333333333333	0.10199103903993
"erythronate*2"	"122"	"ADI2x"	41	3	0.927406666666667	0.10771750569584	0.92317	0.927406666666667	0.15018738	0.82187	1.03718	0.21531	0.039270429924939	-2.33333333333333	0.062190730909928
"erythronate*3"	"123"	"Ctrl"	41	3	1.13486333333333	0.060151389288472	1.15482	1.13486333333333	0.041038368	1.06727	1.1825	0.11523	-0.295254308968475	-2.33333333333333	0.034728420797829
"NacetylglucosamineNacetylgalactosamine1"	"124"	"ADI1x"	42	3	1.2245	0.0707613708177	1.2629	1.2245	0.007205436	1.14284	1.26776	0.12492	-0.382858595764394	-2.33333333333333	0.040854096489826
"NacetylglucosamineNacetylgalactosamine2"	"125"	"ADI2x"	42	3	0.918946666666667	0.028446555737617	0.9352	0.918946666666667	0.000504084	0.8861	0.93554	0.04944	-0.384838321922284	-2.33333333333333	0.016423626612631
"NacetylglucosamineNacetylgalactosamine3"	"126"	"Ctrl"	42	3	0.820906666666667	0.599600118606837	1.00224	0.820906666666667	0.454668942	0.15157	1.30891	1.15734	-0.274764056683005	-2.33333333333333	0.346179289883789
"citrate1"	"127"	"ADI1x"	43	3	0.923146666666667	0.107246977268981	0.9836	0.923146666666667	0.004329192	0.79932	0.98652	0.1872	-0.384579210762664	-2.33333333333333	0.06191907119602
"citrate2"	"128"	"ADI2x"	43	3	0.917976666666667	0.042084796938245	0.93487	0.917976666666667	0.020934312	0.87007	0.94899	0.07892	-0.33673173206276	-2.33333333333333	0.024297668841087
"citrate3"	"129"	"Ctrl"	43	3	1.04678	0.010639393779723	1.04965	1.04678	0.008954904	1.035	1.05569	0.02069	-0.250123353046089	-2.33333333333333	0.006142656862737
"aconitatecisortrans1"	"130"	"ADI1x"	44	3	0.871653333333333	0.205318707460702	0.89261	0.871653333333333	0.256608408	0.65666	1.06569	0.40903	-0.101005596879763	-2.33333333333333	0.118540811022102
"aconitatecisortrans2"	"131"	"ADI2x"	44	3	1.02358	0.009736390501618	1.02339	1.02358	0.01401057	1.01394	1.03341	0.01947	0.019506987274922	-2.33333333333333	0.005621307677045
"aconitatecisortrans3"	"132"	"Ctrl"	44	3	1.00452	0.068034958660971	0.98606	1.00452	0.056991144	0.94762	1.07988	0.13226	0.251355548922465	-2.33333333333333	0.039280001697217
"isocitrate1"	"133"	"ADI1x"	45	3	1.22348333333333	0.244951830026504	1.31388	1.22348333333333	0.143085726	0.94618	1.41039	0.46421	-0.318779388698579	-2.33333333333333	0.141423005004294
"isocitrate2"	"134"	"ADI2x"	45	3	0.884566666666667	0.068943850583887	0.91308	0.884566666666667	0.03202416	0.80594	0.93468	0.12874	-0.342834516538682	-2.33333333333333	0.039804750693576
"isocitrate3"	"135"	"Ctrl"	45	3	0.84483	0.078883230790834	0.83944	0.84483	0.104760516	0.76878	0.92627	0.15749	0.068009828543691	-2.33333333333333	0.045543254531635
"alphaketoglutarate1"	"136"	"ADI1x"	46	3	1.45979333333333	0.583574240121455	1.37614	1.45979333333333	0.672477708	0.92256	2.08068	1.15812	0.140400998418721	-2.33333333333333	0.336926744626253
"alphaketoglutarate2"	"137"	"ADI2x"	46	3	0.729483333333333	0.018203673621919	0.73543	0.729483333333333	0.012661404	0.70905	0.74397	0.03492	-0.291812681493295	-2.33333333333333	0.010509895865855
"alphaketoglutarate3"	"138"	"Ctrl"	46	3	1.16556	0.411682765366732	1.18205	1.16556	0.57332142	0.74588	1.56875	0.82287	-0.039990848849775	-2.33333333333333	0.237685155405212
"succinate1"	"139"	"ADI1x"	47	3	1.35931666666667	1.07594446698393	1.16571	1.35931666666667	1.145145414	0.39332	2.51892	2.1256	0.174114853196426	-2.33333333333333	0.62119682764626
"succinate2"	"140"	"ADI2x"	47	3	0.647466666666667	0.370913330891912	0.85288	0.647466666666667	0.02572311	0.21929	0.87023	0.65094	-0.383952948899916	-2.33333333333333	0.214146911436466
"succinate3"	"141"	"Ctrl"	47	3	1.35645666666667	0.926561873936832	1.56092	1.35645666666667	0.893696454	0.34474	2.16371	1.81897	-0.209923428352481	-2.33333333333333	0.534950747338274
"fumarate1"	"142"	"ADI1x"	48	3	1.30352	0.401195572757228	1.44318	1.30352	0.256549104	0.85116	1.61622	0.76506	-0.305925528308552	-2.33333333333333	0.231630371929072
"fumarate2"	"143"	"ADI2x"	48	3	0.869133333333333	0.22678491447478	0.99271	0.869133333333333	0.021616308	0.6074	1.00729	0.39989	-0.38311122085263	-2.33333333333333	0.130934331420161
"fumarate3"	"144"	"Ctrl"	48	3	1.57323	0.773561314247294	1.55416	1.57323	1.104210828	0.80938	2.35615	1.54677	0.024637233280907	-2.33333333333333	0.446615833015356
"malate1"	"145"	"ADI1x"	49	3	2.39283666666667	1.76371440829669	2.12943	2.39283666666667	2.007129054	0.77564	4.27344	3.4978	0.146016526532522	-2.33333333333333	1.01828098840371
"malate2"	"146"	"ADI2x"	49	3	0.56364	0.215451611040623	0.61877	0.56364	0.18888324	0.32598	0.74617	0.42019	-0.239127267626848	-2.33333333333333	0.124391045631642
"malate3"	"147"	"Ctrl"	49	3	1.09550666666667	0.308689003097508	1.08193	1.09550666666667	0.42713706	0.79383	1.41076	0.61693	0.043896620757884	-2.33333333333333	0.178221679034223
"2methylcitratehomocitrate1"	"148"	"ADI1x"	50	3	0.964643333333333	0.209293400357807	0.93166	0.964643333333333	0.234043236	0.7738	1.18847	0.41467	0.153679791438025	-2.33333333333333	0.120835601036192
"2methylcitratehomocitrate2"	"149"	"ADI2x"	50	3	0.939046666666667	0.138955148998997	0.96479	0.939046666666667	0.146095404	0.78902	1.06333	0.27431	-0.178904885433212	-2.33333333333333	0.080225792679855
"2methylcitratehomocitrate3"	"150"	"Ctrl"	50	3	1.18086	0.345152611608256	1.24138	1.18086	0.371198562	0.80945	1.49175	0.6823	-0.169951801853187	-2.33333333333333	0.199273953223529
"phosphate1"	"151"	"ADI1x"	51	3	0.730046666666667	0.513249316057346	0.96419	0.730046666666667	0.178327128	0.14148	1.08447	0.94299	-0.36125563236682	-2.33333333333333	0.2963246307871
"phosphate2"	"152"	"ADI2x"	51	3	0.918026666666667	0.094374913156693	0.88573	0.918026666666667	0.061809594	0.84404	1.02431	0.18027	0.302138893370096	-2.33333333333333	0.054487381515764
"phosphate3"	"153"	"Ctrl"	51	3	1.02412	0.02035246176756	1.03481	1.02412	0.003098634	1.00065	1.0369	0.03625	-0.380338952337476	-2.33333333333334	0.011750499280172
"malonate1"	"154"	"ADI1x"	52	3	1.12995	0.141595945916541	1.12292	1.12995	0.194101992	0.992	1.27493	0.28293	0.049525933248262	-2.33333333333333	0.081750457491075
"malonate2"	"155"	"ADI2x"	52	3	1.06353666666667	0.282043050141877	0.90623	1.06353666666667	0.0163086	0.89523	1.38915	0.49392	0.384241633064488	-2.33333333333333	0.162837630922476
"malonate3"	"156"	"Ctrl"	52	3	0.97627	0.061880875074614	1.008	0.97627	0.01163841	0.90496	1.01585	0.11089	-0.377943568028769	-2.33333333333333	0.035726939882018
"caprylate801"	"157"	"ADI1x"	53	3	0.62455	0	0.62455	0.62455	0	0.62455	0.62455	0	NA	NA	0
"caprylate802"	"158"	"ADI2x"	53	3	0.84597	0.196587727745147	0.91336	0.84597	0.128452464	0.62455	1	0.37545	-0.30251604188267	-2.33333333333333	0.113499977533037
"caprylate803"	"159"	"Ctrl"	53	3	0.86731	0.420472654045421	0.62455	0.86731	0	0.62455	1.35283	0.72828	0.38490017945975	-2.33333333333333	0.24276
"pelargonate901"	"160"	"ADI1x"	54	3	0.609126666666667	0.13168204939677	0.5331	0.609126666666667	0	0.5331	0.76118	0.22808	0.38490017945975	-2.33333333333333	0.076026666666667
"pelargonate902"	"161"	"ADI2x"	54	3	0.619183333333333	0.149100707018221	0.5331	0.619183333333333	0	0.5331	0.79135	0.25825	0.384900179459751	-2.33333333333333	0.086083333333333
"pelargonate903"	"162"	"Ctrl"	54	3	1.00885666666667	0.471844896585025	1.01678	1.00885666666667	0.681862566	0.5331	1.47669	0.94359	-0.01678750617873	-2.33333333333333	0.272419778059116
"caprate1001"	"163"	"ADI1x"	55	3	0.903026666666667	0.357621783499458	0.82114	0.903026666666667	0.337573194	0.59345	1.29449	0.70104	0.216970459208813	-2.33333333333333	0.206473032971486
"caprate1002"	"164"	"ADI2x"	55	3	0.89456	0.22336466126046	1.00169	0.89456	0.062995674	0.63781	1.04418	0.40637	-0.36929022775375	-2.33333333333333	0.128959647306176
"caprate1003"	"165"	"Ctrl"	55	3	0.961493333333333	0.072138447677596	0.93482	0.961493333333333	0.042002058	0.90649	1.04317	0.13668	0.319200769218582	-2.33333333333333	0.041649152185582
"behenate220*1"	"166"	"ADI1x"	56	3	0.843096666666667	0.354094877445768	1	0.843096666666667	0.135850638	0.43766	1.09163	0.65397	-0.35610732349432	-2.33333333333333	0.204436772811982
"behenate220*2"	"167"	"ADI2x"	56	3	0.816956666666667	0.089494260337372	0.79297	0.816956666666667	0.075716382	0.7419	0.916	0.1741	0.248770496157613	-2.33333333333333	0.051669535296708
"behenate220*3"	"168"	"Ctrl"	56	3	0.89989	0.297736302959515	0.94584	0.89989	0.335275164	0.58185	1.17198	0.59013	-0.150655318200676	-2.33333333333333	0.1718981346612
"erucate221n91"	"169"	"ADI1x"	57	3	0.70249	0.395806189062273	0.5987	0.70249	0.340671828	0.36892	1.13985	0.77093	0.244193340167443	-2.33333333333333	0.228518809802023
"erucate221n92"	"170"	"ADI2x"	57	3	1.13406666666667	0.488091637946537	1.09588	1.13406666666667	0.637058394	0.66619	1.64013	0.97394	0.077757789721943	-2.33333333333333	0.281799838557638
"erucate221n93"	"171"	"Ctrl"	57	3	0.93387	0.514934599633779	0.66952	0.93387	0.095953872	0.6048	1.52729	0.92249	0.378071171515909	-2.33333333333333	0.297297629713614
"nervonate241n9*1"	"172"	"ADI1x"	58	3	0.424093333333333	0.569746566144398	0.09515	0.424093333333333	0	0.09515	1.08198	0.98683	0.384900179459751	-2.33333333333333	0.328943333333333
"nervonate241n9*2"	"173"	"ADI2x"	58	3	0.35067	0.44257362235	0.09515	0.35067	0	0.09515	0.86171	0.76656	0.38490017945975	-2.33333333333333	0.25552
"nervonate241n9*3"	"174"	"Ctrl"	58	3	0.385863333333333	0.194899490592801	0.28649	0.385863333333333	0.038265906	0.26068	0.61042	0.34974	0.377320334167964	-2.33333333333333	0.112525273358675
"heneicosapentaenoate215n31"	"175"	"ADI1x"	59	3	1.42669333333333	1.14595761380312	0.82793	1.42669333333333	0.183516228	0.70415	2.748	2.04385	0.379854310200336	-2.33333333333333	0.661618936809131
"heneicosapentaenoate215n32"	"176"	"ADI2x"	59	3	1.26812	0.851257423814912	1.09832	1.26812	0.865482576	0.51456	2.19148	1.67692	0.191533102294607	-2.33333333333333	0.491473702789207
"heneicosapentaenoate215n33"	"177"	"Ctrl"	59	3	0.787836666666667	0.3157930025085	0.95288	0.787836666666667	0.050452878	0.42372	0.98691	0.56319	-0.379877984997994	-2.33333333333333	0.182323175006482
"hexadecadienoate162n61"	"178"	"ADI1x"	60	3	1.12239	0.770005049074355	0.91003	1.12239	0.636302268	0.48085	1.97629	1.49544	0.254813686614798	-2.33333333333333	0.44456262236045
"hexadecadienoate162n62"	"179"	"ADI2x"	60	3	1.28230333333333	0.865496845767408	1.01684	1.28230333333333	0.646724946	0.58063	2.24944	1.66881	0.277863112110618	-2.33333333333333	0.499694836886585
"hexadecadienoate162n63"	"180"	"Ctrl"	60	3	0.751503333333333	0.215748491613113	0.71504	0.751503333333333	0.235333098	0.55631	0.98316	0.42685	0.164180981255809	-2.33333333333333	0.124562449710086
"stearidonate184n31"	"181"	"ADI1x"	61	3	1.32704666666667	1.07054505903924	0.93769	1.32704666666667	0.640512852	0.50567	2.53778	2.03211	0.315590282261285	-2.33333333333333	0.61807947801593
"stearidonate184n32"	"182"	"ADI2x"	61	3	1.32942	1.06097967515877	1.06231	1.32942	0.941139654	0.42752	2.49843	2.07091	0.235800959238827	-2.33333333333333	0.612556901057635
"stearidonate184n33"	"183"	"Ctrl"	61	3	0.684986666666667	0.20955897077752	0.62945	0.684986666666667	0.178890516	0.50879	0.91672	0.40793	0.246403706320317	-2.33333333333333	0.120988928189502
"eicosapentaenoateEPA205n31"	"184"	"ADI1x"	62	3	1.31332666666667	0.800620819260487	0.89201	1.31332666666667	0.119601342	0.81134	2.23663	1.42529	0.380508696625419	-2.33333333333333	0.462238645518861
"eicosapentaenoateEPA205n32"	"185"	"ADI2x"	62	3	1.28952666666667	0.785311766200745	1.22402	1.28952666666667	1.015581	0.53902	2.10554	1.56652	0.082834450716711	-2.33333333333333	0.45339995961378
"eicosapentaenoateEPA205n33"	"186"	"Ctrl"	62	3	0.894203333333333	0.230955344673669	0.9778	0.894203333333333	0.139245792	0.63309	1.07172	0.43863	-0.31453797978901	-2.33333333333333	0.133342130418126
"docosapentaenoaten3DPA225n31"	"187"	"ADI1x"	63	3	1.04341333333333	0.784980027410464	0.69003	1.04341333333333	0.285830454	0.49724	1.94297	1.44573	0.35894611792727	-2.33333333333333	0.453208430133911
"docosapentaenoaten3DPA225n32"	"188"	"ADI2x"	63	3	1.07810333333333	0.481456279669643	0.93252	1.07810333333333	0.365134728	0.68624	1.61555	0.92931	0.274733168047036	-2.33333333333333	0.277968912670304
"docosapentaenoaten3DPA225n33"	"189"	"Ctrl"	63	3	0.819503333333333	0.216238256636825	0.75415	0.819503333333333	0.164079342	0.64348	1.06088	0.4174	0.274622221566383	-2.33333333333333	0.124845215678366
"docosahexaenoateDHA226n31"	"190"	"ADI1x"	64	3	0.96692	0.583505878205181	0.63875	0.96692	0.025737936	0.62139	1.64062	1.01923	0.384516940581508	-2.33333333333333	0.33688727585549
"docosahexaenoateDHA226n32"	"191"	"ADI2x"	64	3	1.04043666666667	0.484684330294815	0.9867	1.04043666666667	0.595767984	0.58486	1.54975	0.96489	0.109506602170779	-2.33333333333333	0.279832628567705
"docosahexaenoateDHA226n33"	"192"	"Ctrl"	64	3	0.980743333333333	0.257324314889467	1.0133	0.980743333333333	0.306809244	0.70869	1.22024	0.51155	-0.12449473417422	-2.33333333333333	0.14856626247047
"docosatrienoate223n31"	"193"	"ADI1x"	65	3	0.52562	0.126457029460604	0.45261	0.52562	0	0.45261	0.67164	0.21903	0.384900179459751	-2.33333333333333	0.07301
"docosatrienoate223n32"	"194"	"ADI2x"	65	3	1.06686	0.383596502981975	1.09392	1.06686	0.507479154	0.67045	1.43621	0.76576	-0.070191832276087	-2.33333333333333	0.221469544256842
"docosatrienoate223n33"	"195"	"Ctrl"	65	3	0.731083333333333	0.2611451037897	0.69897	0.731083333333333	0.313555074	0.48748	1.0068	0.51932	0.121111663769615	-2.33333333333333	0.150772195970536
"nisinate246n31"	"196"	"ADI1x"	66	3	1.01929333333333	0.71410715976899	0.75297	1.01929333333333	0.40971651	0.47662	1.82829	1.35167	0.321073357046094	-2.33333333333333	0.412289960922865
"nisinate246n32"	"197"	"ADI2x"	66	3	0.97118	0.247492098257702	0.84936	0.97118	0.06100899	0.80821	1.25597	0.44776	0.372964059561153	-2.33333333333333	0.14288962955139
"nisinate246n33"	"198"	"Ctrl"	66	3	0.86677	0.352280141790593	0.77571	0.86677	0.30652755	0.56896	1.25564	0.68668	0.241216424239819	-2.33333333333333	0.203389034692958
"linoleate182n61"	"199"	"ADI1x"	67	3	1.01741333333333	0.573192632745165	0.80048	1.01741333333333	0.320434338	0.58435	1.66741	1.08306	0.324255263184804	-2.33333333333333	0.330932920812931
"linoleate182n62"	"200"	"ADI2x"	67	3	1.17443	0.614479519593615	1.07903	1.17443	0.69059508	0.61323	1.83103	1.2178	0.151511179012829	-2.33333333333333	0.354769916048886
"linoleate182n63"	"201"	"Ctrl"	67	3	0.84649	0.130456854170258	0.77953	0.84649	0.024344292	0.76311	0.99683	0.23372	0.378051683546484	-2.33333333333333	0.07531929987283
"linolenatealphaorgamma183n3or61"	"202"	"ADI1x"	68	3	1.40776333333333	1.11381392316371	1.01374	1.40776333333333	0.695665572	0.54452	2.66503	2.12051	0.309488593877798	-2.33333333333333	0.643060768365721
"linolenatealphaorgamma183n3or62"	"203"	"ADI2x"	68	3	1.41513666666667	0.937488540534407	1.1732	1.41513666666667	0.816719862	0.62233	2.44988	1.82755	0.240881651365265	-2.33333333333333	0.541259261239729
"linolenatealphaorgamma183n3or63"	"204"	"Ctrl"	68	3	0.749963333333333	0.208928234648487	0.67398	0.749963333333333	0.125012832	0.58966	0.98625	0.39659	0.315579443926631	-2.33333333333333	0.120624772515617
"dihomolinolenate203n3orn61"	"205"	"ADI1x"	69	3	1.11407	0.751182606228339	0.87457	1.11407	0.537783498	0.51184	1.9558	1.44396	0.286420527508024	-2.33333333333333	0.433695479916496
"dihomolinolenate203n3orn62"	"206"	"ADI2x"	69	3	1.16354666666667	0.583549088794879	0.99737	1.16354666666667	0.468887076	0.68111	1.81216	1.13105	0.261676087450445	-2.33333333333333	0.336912223501084
"dihomolinolenate203n3orn63"	"207"	"Ctrl"	69	3	0.798363333333333	0.196964325280832	0.78284	0.798363333333333	0.256815972	0.60962	1.00263	0.39301	0.078323374026124	-2.33333333333333	0.113717406221641
"arachidonate204n61"	"208"	"ADI1x"	70	3	0.965073333333333	0.479367901129533	0.72727	0.965073333333333	0.112929642	0.6511	1.51685	0.86575	0.373996194385007	-2.33333333333333	0.276763186758002
"arachidonate204n62"	"209"	"ADI2x"	70	3	0.983333333333333	0.366868839959642	1.00258	0.983333333333333	0.500555412	0.60722	1.3402	0.73298	-0.052317593517888	-2.33333333333333	0.211811823507985
"arachidonate204n63"	"210"	"Ctrl"	70	3	0.983293333333333	0.163175991595986	1.07619	0.983293333333333	0.003884412	0.79488	1.07881	0.28393	-0.384788549945614	-2.33333333333333	0.094209702673227
"adrenate224n61"	"211"	"ADI1x"	71	3	1.07159666666667	0.317158474951141	1.03358	1.07159666666667	0.383133492	0.77516	1.40605	0.63089	0.118144231607885	-2.33333333333333	0.183111530888812
"adrenate224n62"	"212"	"ADI2x"	71	3	1.01641666666667	0.139304824156715	0.96642	1.01641666666667	0.085116066	0.90901	1.17382	0.26481	0.312671102496313	-2.33333333333333	0.080427677726293
"adrenate224n63"	"213"	"Ctrl"	71	3	0.924206666666667	0.262519458770837	0.96602	0.924206666666667	0.292502154	0.64329	1.16331	0.52002	-0.155236351528989	-2.33333333333333	0.151565680188858
"docosapentaenoaten6DPA225n61"	"214"	"ADI1x"	72	3	0.817633333333333	0.373460213454303	0.65997	0.817633333333333	0.164731686	0.54886	1.24407	0.69521	0.346927237814199	-2.33333333333333	0.215617354769457
"docosapentaenoaten6DPA225n62"	"215"	"ADI2x"	72	3	0.906586666666667	0.318033247370984	0.81818	0.906586666666667	0.261041382	0.64211	1.25947	0.61736	0.256499164335631	-2.33333333333333	0.183616580980888
"docosapentaenoaten6DPA225n63"	"216"	"Ctrl"	72	3	0.90493	0.261348281609044	0.95975	0.90493	0.259114002	0.62052	1.13452	0.514	-0.200529335578954	-2.33333333333333	0.150889500739228
"docosadienoate222n61"	"217"	"ADI1x"	73	3	0.640946666666667	0.343268953494681	0.53717	0.640946666666667	0.260389038	0.36154	1.02413	0.66259	0.274687890500236	-2.33333333333333	0.198186422704595
"docosadienoate222n62"	"218"	"ADI2x"	73	3	1.02748	0.263252933886785	1.03784	1.02748	0.367032456	0.7592	1.2854	0.5262	-0.0392928394074	-2.33333333333333	0.151989152244494
"docosadienoate222n63"	"219"	"Ctrl"	73	3	0.736726666666667	0.259862610302701	0.61394	0.736726666666667	0.078474018	0.56101	1.03523	0.47422	0.367013433865159	-2.33333333333333	0.150031748010583
"dihomolinoleate202n61"	"220"	"ADI1x"	74	3	1.06405333333333	0.678391814907383	0.89644	1.06405333333333	0.609734076	0.48518	1.81054	1.32536	0.231991655269721	-2.33333333333333	0.391669696952816
"dihomolinoleate202n62"	"221"	"ADI2x"	74	3	1.25128	0.584140049046459	1.01955	1.25128	0.297987774	0.81856	1.91573	1.09717	0.334272452293852	-2.33333333333333	0.337253414561414
"dihomolinoleate202n63"	"222"	"Ctrl"	74	3	0.80761	0.195361868336684	0.76681	0.80761	0.194131644	0.63587	1.02015	0.38428	0.19973441317901	-2.33333333333333	0.112792227273573
"meadacid203n91"	"223"	"ADI1x"	75	3	1.03919333333333	0.660675650098695	0.81777	1.03919333333333	0.44492826	0.51767	1.78214	1.26447	0.297501982825671	-2.33333333333333	0.381441264431513
"meadacid203n92"	"224"	"ADI2x"	75	3	1.20620333333333	0.659665251270168	0.97175	1.20620333333333	0.409138296	0.69579	1.95107	1.25528	0.310517541642507	-2.33333333333333	0.380857910395873
"meadacid203n93"	"225"	"Ctrl"	75	3	0.77076	0.233921711903791	0.71268	0.77076	0.209535858	0.57135	1.02825	0.4569	0.232981967070677	-2.33333333333333	0.135054763336952
"docosatrienoate223n6*1"	"226"	"ADI1x"	76	3	0.320776666666667	0.273779497649721	0.16271	0.320776666666667	0	0.16271	0.63691	0.4742	0.38490017945975	-2.33333333333333	0.158066666666667
"docosatrienoate223n6*2"	"227"	"ADI2x"	76	3	1.16136666666667	0.809236020103735	0.7093	1.16136666666667	0.044670738	0.67917	2.09563	1.41646	0.384299993591801	-2.33333333333333	0.467212634044833
"docosatrienoate223n6*3"	"228"	"Ctrl"	76	3	0.782853333333333	0.209897912646442	0.68974	0.782853333333333	0.080238312	0.63562	1.0232	0.38758	0.356313077984182	-2.33333333333333	0.121184616368764
"15methylpalmitatei1701"	"229"	"ADI1x"	77	3	1.07057	0.493307763267516	0.99708	1.07057	0.56183127	0.61813	1.5965	0.97837	0.145667724239011	-2.33333333333333	0.284811369915833
"15methylpalmitatei1702"	"230"	"ADI2x"	77	3	0.896743333333333	0.301109150032564	0.75033	0.896743333333333	0.079304274	0.69684	1.24306	0.54622	0.371280549283877	-2.33333333333333	0.17384544882676
"15methylpalmitatei1703"	"231"	"Ctrl"	77	3	0.95004	0.183319013743801	1	0.95004	0.15300432	0.74692	1.1032	0.35628	-0.252288781384346	-2.33333333333333	0.10583928193256
"linolenoylcarnitineC183*1"	"232"	"ADI1x"	78	3	0.61749	0.051936098236198	0.58987	0.61749	0.006923742	0.5852	0.6774	0.0922	0.381402100076147	-2.33333333333333	0.029985320297328
"linolenoylcarnitineC183*2"	"233"	"ADI2x"	78	3	1.01744333333333	0.310525363913052	1.10373	1.01744333333333	0.254962722	0.6729	1.2757	0.6028	-0.256417608967042	-2.33333333333333	0.179281902445407
"linolenoylcarnitineC183*3"	"234"	"Ctrl"	78	3	0.873673333333333	0.289321030229974	0.7909	0.873673333333333	0.231493164	0.63476	1.19536	0.5606	0.262678110942885	-2.33333333333333	0.167039574685495
"oleoylcarnitineC1811"	"235"	"ADI1x"	79	3	0.53788	0.108195135288053	0.58609	0.53788	0.0407715	0.41396	0.61359	0.19963	-0.357115400600182	-2.33333333333333	0.062466490483565
"oleoylcarnitineC1812"	"236"	"ADI2x"	79	3	0.874646666666667	0.121709155914144	0.84875	0.874646666666667	0.119764428	0.76797	1.00722	0.23925	0.203142001958342	-2.33333333333333	0.070268813929873
"oleoylcarnitineC1813"	"237"	"Ctrl"	79	3	0.995976666666667	0.129634563420923	0.99278	0.995976666666667	0.185043306	0.86797	1.12718	0.25921	0.024644067040921	-2.33333333333333	0.07484455008735
"myristoleoylcarnitineC141*1"	"238"	"ADI1x"	80	3	0.722873333333333	0.078526347383113	0.74756	0.722873333333333	0.057124578	0.63497	0.78609	0.15112	-0.283304321064988	-2.33333333333333	0.045337207800118
"myristoleoylcarnitineC141*2"	"239"	"ADI2x"	80	3	1.00212333333333	0.136972092899734	0.95306	1.00212333333333	0.083944812	0.89644	1.15687	0.26043	0.312240030752278	-2.33333333333333	0.079080874707128
"myristoleoylcarnitineC141*3"	"240"	"Ctrl"	80	3	1.15168	0.172234846938707	1.24273	1.15168	0.02453703	0.95303	1.25928	0.30625	-0.380905918307181	-2.33333333333333	0.099439835243897
"suberoylcarnitineC8DC1"	"241"	"ADI1x"	81	3	0.701353333333333	0.129967399886792	0.65735	0.701353333333333	0.08636145	0.5991	0.84761	0.24851	0.299761207960513	-2.33333333333333	0.075036713310515
"suberoylcarnitineC8DC2"	"242"	"ADI2x"	81	3	0.808756666666667	0.390119957107213	0.75199	0.808756666666667	0.447537636	0.45013	1.22415	0.77402	0.142429841726668	-2.33333333333333	0.225235862252094
"suberoylcarnitineC8DC3"	"243"	"Ctrl"	81	3	1.29635666666667	0.25363335039646	1.32199	1.29635666666667	0.317587746	1.03088	1.5362	0.50532	-0.100032245218392	-2.33333333333333	0.146435283126863
"adipoylcarnitineC6DC1"	"244"	"ADI1x"	82	3	1.03922	0.468861379514244	1.08894	1.03922	0.58162398	0.54748	1.48124	0.93376	-0.104851631861885	-2.33333333333333	0.270697243675168
"adipoylcarnitineC6DC2"	"245"	"ADI2x"	82	3	0.78972	0.214995698561622	0.79272	0.78972	0.312057648	0.57324	1.0032	0.42996	-0.013951050635808	-2.33333333333333	0.124127824439164
"adipoylcarnitineC6DC3"	"246"	"Ctrl"	82	3	1.36461	0.474345124039449	1.26798	1.36461	0.477337896	0.94602	1.87983	0.93381	0.195258621871826	-2.33333333333333	0.273863285052962
"octadecenedioylcarnitineC181DC*1"	"247"	"ADI1x"	83	3	0.703813333333333	0.033685690334819	0.71906	0.703813333333333	0.012038712	0.6652	0.72718	0.06198	-0.359892343228264	-2.33333333333333	0.019448442382646
"octadecenedioylcarnitineC181DC*2"	"248"	"ADI2x"	83	3	0.93112	0.331128026146987	0.82615	0.93112	0.23862447	0.6652	1.30201	0.63681	0.285150083027039	-2.33333333333333	0.191176855032193
"octadecenedioylcarnitineC181DC*3"	"249"	"Ctrl"	83	3	1.1072	0.269740415770422	1.02882	1.1072	0.212738274	0.88533	1.40745	0.52212	0.266041134310569	-2.33333333333333	0.155734701656375
"arachidonoylcarnitineC2041"	"250"	"ADI1x"	84	3	0.636753333333333	0.066750499873284	0.61559	0.636753333333333	0.048095544	0.58315	0.71152	0.12837	0.285180825234063	-2.33333333333333	0.038538419070383
"arachidonoylcarnitineC2042"	"251"	"ADI2x"	84	3	0.81659	0.180052470963328	0.7901	0.81659	0.20585901	0.65125	1.00842	0.35717	0.143939225298498	-2.33333333333333	0.103953342578935
"arachidonoylcarnitineC2043"	"252"	"Ctrl"	84	3	1.05412333333333	0.22946674581153	1.13163	1.05412333333333	0.152959842	0.79594	1.2348	0.43886	-0.299233396770464	-2.33333333333333	0.132482687464354
"adrenoylcarnitineC224*1"	"253"	"ADI1x"	85	3	0.34009	0	0.34009	0.34009	0	0.34009	0.34009	0	NA	NA	0
"adrenoylcarnitineC224*2"	"254"	"ADI2x"	85	3	0.365423333333333	0.043878620458412	0.34009	0.365423333333333	0	0.34009	0.41609	0.076	0.384900179459751	-2.33333333333333	0.025333333333333
"adrenoylcarnitineC224*3"	"255"	"Ctrl"	85	3	0.74268	0.351388006482862	0.90022	0.74268	0.129742326	0.34009	0.98773	0.64764	-0.358218267172034	-2.33333333333333	0.202873960132886
"behenoylcarnitineC22*1"	"256"	"ADI1x"	86	3	0.628323333333333	0.001408734656823	0.62751	0.628323333333333	0	0.62751	0.62995	0.00244	0.38490017945975	-2.33333333333333	0.000813333333333
"behenoylcarnitineC22*2"	"257"	"ADI2x"	86	3	0.704643333333333	0.133598852290479	0.62751	0.704643333333333	0	0.62751	0.85891	0.2314	0.384900179459751	-2.33333333333333	0.077133333333333
"behenoylcarnitineC22*3"	"258"	"Ctrl"	86	3	0.898343333333333	0.180982776068148	0.99988	0.898343333333333	0.008717688	0.68939	1.00576	0.31637	-0.384443161739673	-2.33333333333333	0.104490454481631
"dihomolinolenoylcarnitine203n3or6*1"	"259"	"ADI1x"	87	3	0.791553333333333	0.209693029529675	0.83959	0.791553333333333	0.197882622	0.56201	0.97306	0.41105	-0.217059174002787	-2.33333333333333	0.121066327046146
"dihomolinolenoylcarnitine203n3or6*2"	"260"	"ADI2x"	87	3	0.76045	0.239897843466756	0.69269	0.76045	0.194176122	0.56172	1.02694	0.46522	0.259919411396608	-2.33333333333333	0.138505084503542
"dihomolinolenoylcarnitine203n3or6*3"	"261"	"Ctrl"	87	3	1.06055333333333	0.150264558141078	1.14043	1.06055333333333	0.020133708	0.88722	1.15401	0.26679	-0.381366580668163	-2.33333333333333	0.086755283092411
"dihomolinoleoylcarnitineC202*1"	"262"	"ADI1x"	88	3	0.535216666666667	0.047544212406279	0.55327	0.535216666666667	0.026419932	0.48129	0.57109	0.0898	-0.324967356696556	-2.33333333333333	0.027449663831174
"dihomolinoleoylcarnitineC202*2"	"263"	"ADI2x"	88	3	0.820926666666667	0.125212389695802	0.8866	0.820926666666667	0.019333104	0.67654	0.89964	0.2231	-0.380209130455098	-2.33333333333333	0.072291406896747
"dihomolinoleoylcarnitineC202*3"	"264"	"Ctrl"	88	3	1.13716	0.178551489212496	1.15987	1.13716	0.21260484	0.94834	1.30327	0.35493	-0.125132602010358	-2.33333333333333	0.103086750361043
"eicosenoylcarnitineC201*1"	"265"	"ADI1x"	89	3	0.690233333333333	0.301327820543231	0.58139	0.690233333333333	0.182270844	0.45845	1.03086	0.57241	0.314083405533231	-2.33333333333333	0.173971698304957
"eicosenoylcarnitineC201*2"	"266"	"ADI2x"	89	3	0.79484	0.152676899365949	0.7306	0.79484	0.067932732	0.68478	0.96914	0.28436	0.346268059636036	-2.33333333333333	0.088148048947968
"eicosenoylcarnitineC201*3"	"267"	"Ctrl"	89	3	1.11397	0.240938715651927	1.19219	1.11397	0.168853314	0.84364	1.30608	0.46244	-0.290430521818378	-2.33333333333333	0.139106032339843
"docosahexaenoylcarnitineC226*1"	"268"	"ADI1x"	90	3	0.30649	0	0.30649	0.30649	0	0.30649	0.30649	0	NA	NA	0
"docosahexaenoylcarnitineC226*2"	"269"	"ADI2x"	90	3	0.30649	0	0.30649	0.30649	0	0.30649	0.30649	0	NA	NA	0
"docosahexaenoylcarnitineC226*3"	"270"	"Ctrl"	90	3	0.57982	0.237124664891698	0.70248	0.57982	0.041527626	0.30649	0.73049	0.424	-0.378867070186684	-2.33333333333333	0.136903989106722
"1linoleoylGPI182*1"	"271"	"ADI1x"	91	3	0.655063333333333	0.179016828910953	0.73686	0.655063333333333	0.061839246	0.44976	0.77857	0.32881	-0.361526742346756	-2.33333333333333	0.103355414361212
"1linoleoylGPI182*2"	"272"	"ADI2x"	91	3	0.694626666666667	0.27313689870344	0.83977	0.694626666666667	0.036738828	0.37956	0.86455	0.48499	-0.381339197280311	-2.33333333333333	0.157695661992051
"1linoleoylGPI182*3"	"273"	"Ctrl"	91	3	1.08686666666667	0.391777735499777	1.27818	1.08686666666667	0.10089093	0.63619	1.34623	0.71004	-0.371877271872995	-2.33333333333333	0.226192981053298
"1arachidonoylGPI204*1"	"274"	"ADI1x"	92	3	0.796183333333333	0.152388452755887	0.80997	0.796183333333333	0.194576424	0.63737	0.94121	0.30384	-0.089730052753684	-2.33333333333333	0.087981514220002
"1arachidonoylGPI204*2"	"275"	"ADI2x"	92	3	0.95274	0.100379605996437	0.97775	0.95274	0.0896973	0.84222	1.03825	0.19603	-0.233687248099188	-2.33333333333333	0.057954192543192
"1arachidonoylGPI204*3"	"276"	"Ctrl"	92	3	0.93413	0.129478917202763	0.95383	0.93413	0.14648088	0.79593	1.05263	0.2567	-0.14862622356557	-2.33333333333333	0.074754687701397
"11enylpalmitoyl2oleoylGPEP160181*1"	"277"	"ADI1x"	93	3	1.1866	0.14390847647029	1.19596	1.1866	0.192204264	1.03824	1.3256	0.28736	-0.06476618967375	-2.33333333333333	0.083085597628791
"11enylpalmitoyl2oleoylGPEP160181*2"	"278"	"ADI2x"	93	3	0.989436666666667	0.180618582746442	1.02827	0.989436666666667	0.176740746	0.79256	1.14748	0.35492	-0.205063237039824	-2.33333333333333	0.104280187369307
"11enylpalmitoyl2oleoylGPEP160181*3"	"279"	"Ctrl"	93	3	0.97466	0.251050298745092	0.91166	0.97466	0.22320543	0.76111	1.25121	0.4901	0.235142732407313	-2.33333333333333	0.144943957560615
"11enylpalmitoyl2palmitoylGPCP160160*1"	"280"	"ADI1x"	94	3	0.836223333333333	0.149555207977968	0.85636	0.836223333333333	0.175436058	0.67762	0.97469	0.29707	-0.13220275503016	-2.33333333333333	0.08634573958479
"11enylpalmitoyl2palmitoylGPCP160160*2"	"281"	"ADI2x"	94	3	0.9859	0.017507332749451	0.98299	0.9859	0.019214496	0.97003	1.00468	0.03465	0.161623886266388	-2.33333333333333	0.010107863275688
"11enylpalmitoyl2palmitoylGPCP160160*3"	"282"	"Ctrl"	94	3	1.10205333333333	0.106396613824564	1.10273	1.10205333333333	0.156236388	0.99532	1.20811	0.21279	-0.00635959428337	-2.33333333333333	0.061428113632477
"11enylpalmitoyl2palmitoleoylGPCP160161*1"	"283"	"ADI1x"	95	3	0.64159	0.171903771628199	0.6165	0.64159	0.197022714	0.48361	0.82466	0.34105	0.142844570068561	-2.33333333333333	0.099248688824253
"11enylpalmitoyl2palmitoleoylGPCP160161*2"	"284"	"ADI2x"	95	3	0.938783333333333	0.170968267913474	1.01272	0.938783333333333	0.070601412	0.74329	1.06034	0.31705	-0.351579922141861	-2.33333333333333	0.098708575502728
"11enylpalmitoyl2palmitoleoylGPCP160161*3"	"285"	"Ctrl"	95	3	0.892863333333333	0.198598717098911	0.98728	0.892863333333333	0.058355136	0.66467	1.02664	0.36197	-0.367961745505152	-2.33333333333333	0.114661022777771
"11enylpalmitoyl2arachidonoylGPEP160204*1"	"286"	"ADI1x"	96	3	1.15377	0.17100005029239	1.23599	1.15377	0.047650764	0.95719	1.26813	0.31094	-0.369659809610157	-2.33333333333333	0.098726925067751
"11enylpalmitoyl2arachidonoylGPEP160204*2"	"287"	"ADI2x"	96	3	1.01227	0.146616461899747	1.0934	1.01227	0.010363374	0.84302	1.10039	0.25737	-0.383916198565632	-2.33333333333333	0.08464905374545
"11enylpalmitoyl2arachidonoylGPEP160204*3"	"288"	"Ctrl"	96	3	1.02734666666667	0.168272444664399	0.96319	1.02734666666667	0.09281076	0.90059	1.21826	0.31767	0.325844090761172	-2.33333333333333	0.097152141224187
"11enylpalmitoyl2oleoylGPCP160181*1"	"289"	"ADI1x"	97	3	0.82767	0.193212322847172	0.83608	0.82767	0.267549996	0.63039	1.01654	0.38615	-0.043444776780507	-2.33333333333333	0.111551186606568
"11enylpalmitoyl2oleoylGPCP160181*2"	"290"	"ADI2x"	97	3	0.95192	0.046622454890321	0.97356	0.95192	0.015166998	0.89841	0.98379	0.08538	-0.364157164370343	-2.33333333333333	0.026917486881208
"11enylpalmitoyl2oleoylGPCP160181*3"	"291"	"Ctrl"	97	3	1.09940666666667	0.10470809153706	1.05075	1.09940666666667	0.033907062	1.02788	1.21959	0.19171	0.364345871466064	-2.33333333333333	0.060453244835254
"11enylstearoyl2linoleoylGPEP180182*1"	"292"	"ADI1x"	98	3	1.17955666666667	0.165390687867647	1.213	1.17955666666667	0.167044542	1	1.32567	0.32567	-0.193940173678972	-2.33333333333333	0.095488358161843
"11enylstearoyl2linoleoylGPEP180182*2"	"293"	"ADI2x"	98	3	0.9909	0.444402115206487	0.8107	0.9909	0.21616308	0.6649	1.4971	0.8322	0.338817766637101	-2.33333333333333	0.256575680842905
"11enylstearoyl2linoleoylGPEP180182*3"	"294"	"Ctrl"	98	3	0.994893333333333	0.358149037459733	0.8052	0.994893333333333	0.049978446	0.77149	1.40799	0.6365	0.381067615646716	-2.33333333333333	0.206777443187382
"2palmitoylglycerol1601"	"295"	"ADI1x"	99	3	1.01361	0.232065469426194	0.97376	1.01361	0.251612046	0.80405	1.26302	0.45897	0.166655252840842	-2.33333333333333	0.13398306124283
"2palmitoylglycerol1602"	"296"	"ADI2x"	99	3	0.74701	0.369196988205484	0.67876	0.74701	0.388530156	0.4167	1.14557	0.72887	0.178543333611988	-2.33333333333333	0.213155980524435
"2palmitoylglycerol1603"	"297"	"Ctrl"	99	3	1.10117666666667	0.442172195567896	1.07637	1.10117666666667	0.599622744	0.67193	1.55523	0.8833	0.055925248236921	-2.33333333333333	0.255288236139292
"2linoleoylglycerol1821"	"298"	"ADI1x"	100	3	0.822156666666667	0.213757807888585	0.90294	0.822156666666667	0.119808906	0.57978	0.98375	0.40397	-0.323944086316146	-2.33333333333333	0.123413127925859
"2linoleoylglycerol1822"	"299"	"ADI2x"	100	3	0.86697	0.201667436141783	0.80423	0.86697	0.14840826	0.70413	1.09255	0.38842	0.280995179332883	-2.33333333333333	0.11643274854324
"2linoleoylglycerol1823"	"300"	"Ctrl"	100	3	1.10690333333333	0.126839961500047	1.16277	1.10690333333333	0.04959297	0.96172	1.19622	0.2345	-0.355004391143125	-2.33333333333333	0.073231085916054
"diacylglycerol1401811601612*1"	"301"	"ADI1x"	101	3	0.85919	0.457514513321709	1.06726	0.85919	0.160758318	0.33462	1.17569	0.84107	-0.360721480906512	-2.33333333333333	0.264146127424449
"diacylglycerol1401811601612*2"	"302"	"ADI2x"	101	3	0.446516666666667	0.193810711864265	0.33462	0.446516666666667	0	0.33462	0.67031	0.33569	0.384900179459751	-2.33333333333333	0.111896666666667
"diacylglycerol1401811601612*3"	"303"	"Ctrl"	101	3	0.39132	0.098207280789155	0.33462	0.39132	0	0.33462	0.50472	0.1701	0.384900179459751	-2.33333333333333	0.0567
"palmitoylpalmitoylglycerol1601601*1"	"304"	"ADI1x"	102	3	0.869636666666667	0.346087981636654	0.96884	0.869636666666667	0.27643077	0.48478	1.15529	0.67051	-0.263090412032732	-2.33333333333333	0.199813989361217
"palmitoylpalmitoylglycerol1601601*2"	"305"	"ADI2x"	102	3	0.60037	0.200207752846887	0.48478	0.60037	0	0.48478	0.83155	0.34677	0.384900179459751	-2.33333333333333	0.11559
"palmitoylpalmitoylglycerol1601601*3"	"306"	"Ctrl"	102	3	1.21038666666667	0.257307009102615	1.09478	1.21038666666667	0.094323012	1.03116	1.50522	0.47406	0.358597485063343	-2.33333333333333	0.148556270969772
"palmitoylpalmitoylglycerol1601602*1"	"307"	"ADI1x"	103	3	1.18127	0.391227920910561	1.17638	1.18127	0.569125662	0.79251	1.57492	0.78241	0.012497155200925	-2.33333333333333	0.22587554545221
"palmitoylpalmitoylglycerol1601602*2"	"308"	"ADI2x"	103	3	0.725713333333333	0.194918779067932	0.71368	0.725713333333333	0.261812334	0.53709	0.92637	0.38928	0.061499829088053	-2.33333333333333	0.112536409564984
"palmitoylpalmitoylglycerol1601602*3"	"309"	"Ctrl"	103	3	1.37867	0.244009330354394	1.31298	1.37867	0.20571075	1.17423	1.6488	0.47457	0.249700063910058	-2.33333333333333	0.14087885256489
"palmitoyloleoylglycerol1601811*1"	"310"	"ADI1x"	104	3	1.00481666666667	0.208215046606467	0.89074	1.00481666666667	0.018043242	0.87857	1.24514	0.36657	0.383421401521224	-2.33333333333333	0.120213013207574
"palmitoyloleoylglycerol1601811*2"	"311"	"ADI2x"	104	3	0.83568	0.398416825322425	0.73421	0.83568	0.35048664	0.49781	1.27502	0.77721	0.238163402450825	-2.33333333333333	0.230026061349578
"palmitoyloleoylglycerol1601811*3"	"312"	"Ctrl"	104	3	1.11954	0.216222136470806	1.08293	1.11954	0.235688922	0.92396	1.35173	0.42777	0.164462625626311	-2.33333333333333	0.124835908696176
"palmitoyloleoylglycerol1601812*1"	"313"	"ADI1x"	105	3	1.09993333333333	0.225482161009099	1.20026	1.09993333333333	0.085368108	0.8417	1.25784	0.41614	-0.356855656399707	-2.33333333333333	0.130182186356062
"palmitoyloleoylglycerol1601812*2"	"314"	"ADI2x"	105	3	0.785646666666667	0.28769045523502	0.78909	0.785646666666667	0.418849326	0.49625	1.0716	0.57535	-0.011967168179822	-2.33333333333333	0.166098161773225
"palmitoyloleoylglycerol1601812*3"	"315"	"Ctrl"	105	3	1.06449333333333	0.282477903973626	1.13471	1.06449333333333	0.252827778	0.75353	1.30524	0.55171	-0.233214864802162	-2.33333333333333	0.163088693899294
"glycosylNpalmitoylsphingosined1811601"	"316"	"ADI1x"	106	3	0.945253333333333	0.124815666618151	0.94388	0.945253333333333	0.18198915	0.82113	1.07075	0.24962	0.011001560219234	-2.33333333333333	0.072062358721072
"glycosylNpalmitoylsphingosined1811602"	"317"	"ADI2x"	106	3	1.01051666666667	0.032243111409002	1.0044	1.01051666666667	0.033551238	0.98177	1.04538	0.06361	0.18287754526267	-2.33333333333333	0.018615569051499
"glycosylNpalmitoylsphingosined1811603"	"318"	"Ctrl"	106	3	0.91926	0.098120929469711	0.8921	0.91926	0.080831352	0.83758	1.0281	0.19052	0.255593065806133	-2.33333333333333	0.056650145042474
"glycosylNstearoylsphingosined1811801"	"319"	"ADI1x"	107	3	0.81339	0.16252945179259	0.90633	0.81339	0.002653854	0.62572	0.90812	0.2824	-0.38484765796595	-2.33333333333333	0.093836422743694
"glycosylNstearoylsphingosined1811802"	"320"	"ADI2x"	107	3	0.93546	0.164856037499389	1.00157	0.93546	0.082180518	0.74781	1.057	0.30919	-0.336527366769831	-2.33333333333333	0.095179677627807
"glycosylNstearoylsphingosined1811803"	"321"	"Ctrl"	107	3	0.87383	0.113502907451748	0.84673	0.87383	0.10437504	0.77633	0.99843	0.2221	0.225149501462704	-2.33333333333333	0.065530934171072
"glycosylNbehenoylsphingadienined182220*1"	"322"	"ADI1x"	108	3	0.71547	0.312873842307087	0.71993	0.71547	0.453912816	0.40039	1.02609	0.6257	-0.014252050217631	-2.33333333333333	0.180637797078389
"glycosylNbehenoylsphingadienined182220*2"	"323"	"ADI2x"	108	3	1.09852333333333	0.159031249235279	1.04402	1.09852333333333	0.103945086	0.97391	1.27764	0.30373	0.3024657222766	-2.33333333333333	0.091816734555551
"glycosylNbehenoylsphingadienined182220*3"	"324"	"Ctrl"	108	3	0.744066666666667	0.320130305708993	0.73083	0.744066666666667	0.444883782	0.43076	1.07061	0.63985	0.041277056709438	-2.33333333333333	0.184827318176844
"glycosylceramided161241d181221*1"	"325"	"ADI1x"	109	3	0.791276666666667	0.229202766417278	0.82997	0.791276666666667	0.25011462	0.54519	0.99867	0.45348	-0.164005893576608	-2.33333333333333	0.132330278890022
"glycosylceramided161241d181221*2"	"326"	"ADI2x"	109	3	0.79673	0.465653118426152	0.59582	0.79673	0.193568256	0.46526	1.32911	0.86385	0.351139726626877	-2.33333333333333	0.268844953272328
"glycosylceramided161241d181221*3"	"327"	"Ctrl"	109	3	0.983816666666667	0.318641288180508	1.07863	0.983816666666667	0.245607516	0.62853	1.24429	0.61576	-0.271209841617478	-2.33333333333333	0.183967633505945
"glycosylceramided181200d161220*1"	"328"	"ADI1x"	110	3	1.13265666666667	0.261664993710151	1.02225	1.13265666666667	0.115583496	0.94429	1.43143	0.48714	0.346820138238278	-2.33333333333333	0.151072354556057
"glycosylceramided181200d161220*2"	"329"	"ADI2x"	110	3	0.9725	0.181050954429962	0.94715	0.9725	0.210069594	0.80546	1.16489	0.35943	0.137270900874844	-2.33333333333333	0.104529817277177
"glycosylceramided181200d161220*3"	"330"	"Ctrl"	110	3	0.91731	0.135409257807581	0.8798	0.91731	0.111476694	0.80461	1.06752	0.26291	0.255755365329885	-2.33333333333333	0.078178571445974
"glycosylceramided181231d171241*1"	"331"	"ADI1x"	111	3	0.845783333333333	0.178257715775036	0.87943	0.845783333333333	0.185903214	0.6531	1.00482	0.35172	-0.18202810576621	-2.33333333333333	0.102917140187845
"glycosylceramided181231d171241*2"	"332"	"ADI2x"	111	3	0.929683333333333	0.396978209771435	0.99518	0.929683333333333	0.436862916	0.50403	1.28984	0.78581	-0.160496914695895	-2.33333333333333	0.229195476273954
"glycosylceramided181231d171241*3"	"333"	"Ctrl"	111	3	0.80229	0.286449192004446	0.82759	0.80229	0.367180716	0.50403	1.07525	0.57122	-0.08763381925251	-2.33333333333333	0.165381518112918
"cholate1"	"334"	"ADI1x"	112	3	0.432123333333333	0.268251658398104	0.28122	0.432123333333333	0.011727366	0.27331	0.74184	0.46853	0.384523710275529	-2.33333333333333	0.154875167186709
"cholate2"	"335"	"ADI2x"	112	3	0.441773333333333	0.050258283231059	0.43292	0.441773333333333	0.053951814	0.39653	0.49587	0.09934	0.170690349424418	-2.33333333333333	0.02901663335246
"cholate3"	"336"	"Ctrl"	112	3	6.32994333333333	6.90163379942991	3.8597	6.32994333333333	4.234809684	1.00336	14.12677	13.12341	0.312068982861833	-2.33333333333333	3.98466013194908
"taurocholate1"	"337"	"ADI1x"	113	3	1.24955666666667	0.196672428757397	1.29832	1.24955666666667	0.176340444	1.03309	1.41726	0.38417	-0.232699615972123	-2.33333333333333	0.113548879685261
"taurocholate2"	"338"	"ADI2x"	113	3	0.75025	0.052112778663203	0.74297	0.75025	0.060504906	0.70216	0.80562	0.10346	0.136970798807758	-2.33333333333333	0.03008732678942
"taurocholate3"	"339"	"Ctrl"	113	3	0.911783333333333	0.233894148993371	0.96691	0.911783333333333	0.216874728	0.65525	1.11319	0.45794	-0.222598024423266	-2.33333333333333	0.135038849883201
"taurochenodeoxycholate1"	"340"	"ADI1x"	114	3	1.64443	0.139798805073577	1.6202	1.64443	0.151032462	1.51833	1.79476	0.27643	0.1681139607661	-2.33333333333333	0.080712877741618
"taurochenodeoxycholate2"	"341"	"ADI2x"	114	3	0.909506666666667	0.080628769265897	0.90435	0.909506666666667	0.107888802	0.83158	0.99259	0.16101	0.063694066760358	-2.33333333333333	0.046551041640094
"taurochenodeoxycholate3"	"342"	"Ctrl"	114	3	0.931863333333333	0.276687997631508	1.0837	0.931863333333333	0.023261994	0.6125	1.09939	0.48689	-0.383508239960439	-2.33333333333333	0.15974588991409
"betamuricholate1"	"343"	"ADI1x"	115	3	0.447393333333333	0.271256071145575	0.31872	0.447393333333333	0.08050518	0.26442	0.75904	0.49462	0.367621105064157	-2.33333333333333	0.156609765695218
"betamuricholate2"	"344"	"ADI2x"	115	3	0.891956666666667	0.198008761759002	0.93529	0.891956666666667	0.191878092	0.67587	1.06471	0.38884	-0.208364284919378	-2.33333333333333	0.114320411903464
"betamuricholate3"	"345"	"Ctrl"	115	3	4.32214	4.4384737593344	2.72931	4.32214	2.712312918	0.89988	9.33723	8.43735	0.312651264333721	-2.33333333333333	2.5625540197428
"alphamuricholate1"	"346"	"ADI1x"	116	3	0.51287	0.438715739289121	0.38972	0.51287	0.357054558	0.14889	1	0.85111	0.258587285538336	-2.33333333333333	0.2532926501763
"alphamuricholate2"	"347"	"ADI2x"	116	3	0.51237	0.345878261386864	0.55078	0.51237	0.425002116	0.14889	0.83744	0.68855	-0.109681129966234	-2.33333333333333	0.199692907318546
"alphamuricholate3"	"348"	"Ctrl"	116	3	6.47491	6.62187768696312	4.66417	6.47491	5.511432066	0.94676	13.8138	12.86704	0.253001344127028	-2.33333333333333	3.82314286510893
"tauroalphamuricholate1"	"349"	"ADI1x"	117	3	0.965436666666667	0.071002743843695	0.98446	0.965436666666667	0.060089778	0.88686	1.02499	0.13813	-0.24869147504171	-2.33333333333333	0.040993453271359
"tauroalphamuricholate2"	"350"	"ADI2x"	117	3	0.70853	0.306057404582866	0.60096	0.70853	0.193004868	0.47078	1.05385	0.58307	0.308052511127626	-2.33333333333333	0.176702324923396
"tauroalphamuricholate3"	"351"	"Ctrl"	117	3	1.55472	0.685524921210017	1.80192	1.55472	0.415780344	0.77988	2.08236	1.30248	-0.313710076009768	-2.33333333333333	0.3957879977968
"taurobetamuricholate1"	"352"	"ADI1x"	118	3	1.11170666666667	0.15797778082165	1.16254	1.11170666666667	0.111891822	0.93457	1.23801	0.30344	-0.288458833417656	-2.33333333333333	0.091208514283359
"taurobetamuricholate2"	"353"	"ADI2x"	118	3	0.75413	0.070172818099318	0.72323	0.75413	0.027457752	0.70471	0.83445	0.12974	0.354958979087695	-2.33333333333333	0.040514295419436
"taurobetamuricholate3"	"354"	"Ctrl"	118	3	1.00751666666667	0.258355535131983	1.11151	1.00751666666667	0.127740816	0.71337	1.19767	0.4843	-0.337302889499919	-2.33333333333333	0.14916163775508
"deoxycholate1"	"355"	"ADI1x"	119	3	0.591516666666667	0.378061182394243	0.44566	0.591516666666667	0.20393163	0.30811	1.02078	0.71267	0.32837786517156	-2.33333333333333	0.218273725425465
"deoxycholate2"	"356"	"ADI2x"	119	3	0.81733	0.476610009546589	0.69271	0.81733	0.41112498	0.41541	1.34387	0.92846	0.243595497560656	-2.33333333333333	0.275170917310193
"deoxycholate3"	"357"	"Ctrl"	119	3	2.08244666666667	1.58484468016059	2.03253	2.08244666666667	2.237806788	0.52315	3.69166	3.16851	0.031465006802082	-2.33333333333333	0.915010502714465
"taurodeoxycholate1"	"358"	"ADI1x"	120	3	1.22353666666667	0.106090550631681	1.25997	1.22353666666667	0.069148464	1.10403	1.30661	0.20258	-0.302916246496194	-2.33333333333333	0.061251407965677
"taurodeoxycholate2"	"359"	"ADI2x"	120	3	0.830856666666667	0.168280944950203	0.84198	0.830856666666667	0.224347032	0.65729	0.9933	0.33601	-0.065810977480632	-2.33333333333333	0.097157048866484
"taurodeoxycholate3"	"360"	"Ctrl"	120	3	0.85664	0.152840230633168	0.81519	0.85664	0.128081814	0.7288	1.02593	0.29713	0.25125201231241	-2.33333333333333	0.088242348299064
"ursodeoxycholate1"	"361"	"ADI1x"	121	3	0.3515	0.388083303943883	0.12744	0.3515	0	0.12744	0.79962	0.67218	0.384900179459751	-2.33333333333333	0.22406
"ursodeoxycholate2"	"362"	"ADI2x"	121	3	0.6118	0.23872791060117	0.49932	0.6118	0.072988398	0.45009	0.88599	0.4359	0.366567709038505	-2.33333333333333	0.137829623448662
"ursodeoxycholate3"	"363"	"Ctrl"	121	3	6.28722333333333	7.51654637677659	3.40972	6.28722333333333	4.114481868	0.63454	14.81741	14.18287	0.32671870793143	-2.33333333333333	4.33968007400827
"tauroursodeoxycholate1"	"364"	"ADI1x"	122	3	1.60621	0.564405693451085	1.86847	1.60621	0.18280458	0.95839	1.99177	1.03338	-0.364337792015569	-2.33333333333333	0.325859779046141
"tauroursodeoxycholate2"	"365"	"ADI2x"	122	3	0.850666666666667	0.073837826575092	0.80953	0.850666666666667	0.004403322	0.80656	0.93591	0.12935	0.384199720782908	-2.33333333333333	0.042630289049506
"tauroursodeoxycholate3"	"366"	"Ctrl"	122	3	0.981136666666667	0.145641951488345	1.04161	0.981136666666667	0.066998694	0.815	1.0868	0.2718	-0.343632505865049	-2.33333333333333	0.084086419897098
"taurohyodeoxycholicacid1"	"367"	"ADI1x"	123	3	0.632373333333333	0.548075542451342	0.40941	0.632373333333333	0.264629274	0.23092	1.25679	1.02587	0.339485896073997	-2.33333333333333	0.316431561970533
"taurohyodeoxycholicacid2"	"368"	"ADI2x"	123	3	0.297483333333333	0.058085421865846	0.32363	0.297483333333333	0.021156702	0.23092	0.3379	0.10698	-0.35893056396654	-2.33333333333333	0.033535633950239
"taurohyodeoxycholicacid3"	"369"	"Ctrl"	123	3	2.86525666666667	3.32532711068149	1.59916	2.86525666666667	1.838735346	0.35895	6.63766	6.27871	0.325548782469968	-2.33333333333333	1.91987850249552
"7ketodeoxycholate1"	"370"	"ADI1x"	124	3	0.072043333333333	0.027943753028778	0.05591	0.072043333333333	0	0.05591	0.10431	0.0484	0.384900179459751	-2.33333333333333	0.016133333333333
"7ketodeoxycholate2"	"371"	"ADI2x"	124	3	0.449	0.205912623945206	0.56333	0.449	0.01341753	0.21129	0.57238	0.36109	-0.384063913452941	-2.33333333333333	0.118883708864307
"7ketodeoxycholate3"	"372"	"Ctrl"	124	3	7.66212333333333	8.31338282400933	5.25735	7.66212333333333	6.584434164	0.81621	16.91281	16.0966	0.265061209714809	-2.33333333333333	4.7997338113182
"ursocholate1"	"373"	"ADI1x"	125	3	0.28554	0	0.28554	0.28554	0	0.28554	0.28554	0	NA	NA	0
"ursocholate2"	"374"	"ADI2x"	125	3	0.76316	0.294162736083278	0.85564	0.76316	0.213983658	0.43387	0.99997	0.5661	-0.283310996648041	-2.33333333333333	0.169834934863237
"ursocholate3"	"375"	"Ctrl"	125	3	2.11614	2.03562430573522	1.00003	2.11614	0.173968284	0.88269	4.4657	3.58301	0.383461887093684	-2.33333333333333	1.17526824088517
"inosine1"	"376"	"ADI1x"	126	3	0.993183333333333	0.372300265422056	0.88574	0.993183333333333	0.295511832	0.68642	1.40739	0.72097	0.26455743349246	-2.33333333333333	0.214947658460793
"inosine2"	"377"	"ADI2x"	126	3	1.15056	0.139897339860342	1.17669	1.15056	0.146569836	0.99944	1.27555	0.27611	-0.180263688508486	-2.33333333333333	0.080769766827281
"inosine3"	"378"	"Ctrl"	126	3	0.65261	0.430901028195571	0.58421	0.65261	0.480673746	0.26	1.11362	0.85362	0.154737370932284	-2.33333333333333	0.248780824622799
"hypoxanthine1"	"379"	"ADI1x"	127	3	1.24220333333333	0.71824869441812	1.0327	1.24220333333333	0.56442582	0.652	2.04191	1.38991	0.26686939803172	-2.33333333333333	0.414681077067399
"hypoxanthine2"	"380"	"ADI2x"	127	3	0.823863333333333	0.284366783632219	0.94279	0.823863333333333	0.128496942	0.49934	1.02946	0.53012	-0.345067967796233	-2.33333333333333	0.16417923907865
"hypoxanthine3"	"381"	"Ctrl"	127	3	0.660693333333333	0.295563678643593	0.5245	0.660693333333333	0.098919072	0.45778	0.9998	0.54202	0.362952316670483	-2.33333333333333	0.170643769427555
"7methylguanine1"	"382"	"ADI1x"	128	3	1.07688333333333	0.344032213075074	1.23256	1.07688333333333	0.1230558	0.68253	1.31556	0.63303	-0.359850140427581	-2.33333333333333	0.198627090828797
"7methylguanine2"	"383"	"ADI2x"	128	3	0.993676666666667	0.116436924698883	0.98072	0.993676666666667	0.143011596	0.88426	1.11605	0.23179	0.109898401760771	-2.33333333333333	0.067224889818512
"7methylguanine3"	"384"	"Ctrl"	128	3	0.87599	0.080609382208276	0.88974	0.87599	0.08762166	0.78939	0.94884	0.15945	-0.16561259724574	-2.33333333333333	0.046539848517158
"dihydroorotate1"	"385"	"ADI1x"	129	3	0.496286666666667	0.195272324033216	0.4429	0.496286666666667	0.162552264	0.33326	0.7127	0.37944	0.252960891668391	-2.33333333333333	0.112740528845861
"dihydroorotate2"	"386"	"ADI2x"	129	3	0.759206666666667	0.737761267981271	0.33326	0.759206666666667	0	0.33326	1.6111	1.27784	0.38490017945975	-2.33333333333333	0.425946666666667
"dihydroorotate3"	"387"	"Ctrl"	129	3	0.385293333333333	0.090124377020501	0.33326	0.385293333333333	0	0.33326	0.48936	0.1561	0.384900179459751	-2.33333333333333	0.052033333333333
"orotate1"	"388"	"ADI1x"	130	3	0.74879	0.158597463094464	0.7635	0.74879	0.201663252	0.58335	0.89952	0.31617	-0.091952636274915	-2.33333333333333	0.091566288010381
"orotate2"	"389"	"ADI2x"	130	3	0.787916666666667	0.135968547956258	0.81467	0.787916666666667	0.13914201	0.64056	0.90852	0.26796	-0.189143587467419	-2.33333333333333	0.078501477763868
"orotate3"	"390"	"Ctrl"	130	3	1.19804	0.28815596141673	1.242	1.19804	0.325712394	0.89043	1.46169	0.57126	-0.149005768890072	-2.33333333333333	0.166366921892544
"orotidine1"	"391"	"ADI1x"	131	3	0.99214	0.187526353614632	0.9541	0.99214	0.18910563	0.82655	1.19577	0.36922	0.194504408272237	-2.33333333333333	0.108268390739557
"orotidine2"	"392"	"ADI2x"	131	3	1.03660666666667	0.159305057777	1.04605	1.03660666666667	0.214873218	0.87279	1.19098	0.31819	-0.059070003013213	-2.33333333333333	0.09197481799082
"orotidine3"	"393"	"Ctrl"	131	3	1.08887333333333	0.091150548727549	1.06766	1.08887333333333	0.085190196	1.0102	1.18876	0.17856	0.220123356106968	-2.33333333333333	0.052625793844633
"2'Omethyluridine1"	"394"	"ADI1x"	132	3	0.628643333333333	0.010103629710818	0.62281	0.628643333333333	0	0.62281	0.64031	0.0175	0.38490017945975	-2.33333333333333	0.005833333333333
"2'Omethyluridine2"	"395"	"ADI2x"	132	3	0.767716666666667	0.203209461968023	0.68034	0.767716666666667	0.085293978	0.62281	1	0.37719	0.350485544761634	-2.33333333333333	0.117323037569117
"2'Omethyluridine3"	"396"	"Ctrl"	132	3	0.666963333333333	0.076475816656858	0.62281	0.666963333333333	0	0.62281	0.75527	0.13246	0.38490017945975	-2.33333333333333	0.044153333333333
"56dihydrouracil1"	"397"	"ADI1x"	133	3	0.625226666666667	0.188458674868878	0.51642	0.625226666666667	0	0.51642	0.84284	0.32642	0.38490017945975	-2.33333333333333	0.108806666666667
"56dihydrouracil2"	"398"	"ADI2x"	133	3	0.71678	0.176983945034571	0.7821	0.71678	0.103366872	0.51642	0.85182	0.3354	-0.318799780724384	-2.33333333333333	0.102181728307951
"56dihydrouracil3"	"399"	"Ctrl"	133	3	0.966223333333333	0.368652342232263	1.13458	0.966223333333333	0.127592556	0.54345	1.22064	0.67719	-0.361436884627739	-2.33333333333333	0.212841529025183
"2'deoxyuridine1"	"400"	"ADI1x"	134	3	0.863163333333333	0.171472762365728	0.9462	0.863163333333333	0.046123686	0.66598	0.97731	0.31133	-0.370696010353146	-2.33333333333333	0.098999845510542
"2'deoxyuridine2"	"401"	"ADI2x"	134	3	0.915906666666667	0.096246139836013	0.9564	0.915906666666667	0.042832314	0.80603	0.98529	0.17926	-0.346253525644255	-2.33333333333333	0.055567734742784
"2'deoxyuridine3"	"402"	"Ctrl"	134	3	0.996403333333333	0.00788882965549	0.99516	0.996403333333333	0.00882147	0.98921	1.00484	0.01563	0.153691878218209	-2.33333333333333	0.004554617925188
"cytidine1"	"403"	"ADI1x"	135	3	1.28658666666667	0.208774514089564	1.3109	1.28658666666667	0.253880424	1.06672	1.48214	0.41542	-0.11487794947981	-2.33333333333333	0.120536021909543
"cytidine2"	"404"	"ADI2x"	135	3	0.868983333333333	0.167886241346137	0.94712	0.868983333333333	0.054025944	0.67627	0.98356	0.30729	-0.364600708560566	-2.33333333333333	0.096929166634427
"cytidine3"	"405"	"Ctrl"	135	3	1.09982	0.173487808505382	1.01435	1.09982	0.04255062	0.98565	1.29946	0.31381	0.373083792667943	-2.33333333333333	0.1001632329417
"5methylcytidine1"	"406"	"ADI1x"	136	3	0.786743333333333	0.271625981145643	0.62992	0.786743333333333	0	0.62992	1.10039	0.47047	0.38490017945975	-2.33333333333333	0.156823333333333
"5methylcytidine2"	"407"	"ADI2x"	136	3	0.651133333333333	0.036742571131228	0.62992	0.651133333333333	0	0.62992	0.69356	0.06364	0.38490017945975	-2.33333333333333	0.021213333333333
"5methylcytidine3"	"408"	"Ctrl"	136	3	0.653086666666667	0.040125843708679	0.62992	0.653086666666667	0	0.62992	0.69942	0.0695	0.384900179459751	-2.33333333333333	0.023166666666667
"N4acetylcytidine1"	"409"	"ADI1x"	137	3	1.24622333333333	0.238091209483537	1.37426	1.24622333333333	0.027635664	0.97151	1.3929	0.42139	-0.382247845157026	-2.33333333333333	0.137462023887003
"N4acetylcytidine2"	"410"	"ADI2x"	137	3	0.93212	0.094480290008022	0.91018	0.93212	0.088422264	0.85054	1.03564	0.1851	0.219695385222436	-2.33333333333333	0.054548220869246
"N4acetylcytidine3"	"411"	"Ctrl"	137	3	0.848883333333333	0.22943126036644	0.96177	0.848883333333333	0.056679798	0.58488	1	0.41512	-0.372912252022324	-2.33333333333333	0.132462199933079
"2'deoxycytidine1"	"412"	"ADI1x"	138	3	0.765026666666667	0.140663947169605	0.78073	0.765026666666667	0.17264877	0.61717	0.89718	0.28001	-0.110245908977279	-2.33333333333333	0.081212367763647
"2'deoxycytidine2"	"413"	"ADI2x"	138	3	0.951243333333333	0.228167719086933	0.82224	0.951243333333333	0.008065344	0.8168	1.21469	0.39789	0.384654049593325	-2.33333333333333	0.131732694035223
"2'deoxycytidine3"	"414"	"Ctrl"	138	3	0.93476	0.086314181337715	0.92201	0.93476	0.098563248	0.85553	1.02674	0.17121	0.14449299021766	-2.33333333333333	0.049833515830212
"2'Omethylcytidine1"	"415"	"ADI1x"	139	3	1.11056333333333	0.332132370649615	1.20242	1.11056333333333	0.273806568	0.74217	1.3871	0.64493	-0.25541214914366	-2.33333333333333	0.191756713601144
"2'Omethylcytidine2"	"416"	"ADI2x"	139	3	0.819893333333333	0.168070019436345	0.78471	0.819893333333333	0.166807326	0.6722	1.00277	0.33057	0.20016374664276	-2.33333333333333	0.097035270964279
"2'Omethylcytidine3"	"417"	"Ctrl"	139	3	0.860893333333333	0.143385497988232	0.87408	0.860893333333333	0.18258219	0.71137	0.99723	0.28586	-0.091188691318885	-2.33333333333333	0.082783655861394
"5methyl2'deoxycytidine1"	"418"	"ADI1x"	140	3	0.73685	0.211896884592483	0.77032	0.73685	0.23677122	0.51021	0.93002	0.41981	-0.154013304448975	-2.33333333333333	0.122338723359913
"5methyl2'deoxycytidine2"	"419"	"ADI2x"	140	3	1.04417	0.211355078718256	0.97485	1.04417	0.146288142	0.87618	1.28148	0.4053	0.292698137673268	-2.33333333333333	0.122025911592579
"5methyl2'deoxycytidine3"	"420"	"Ctrl"	140	3	1.05826666666667	0.19208951203367	1.01761	1.05826666666667	0.18955041	0.88976	1.26743	0.37767	0.202173137624048	-2.33333333333333	0.110902931481143
"thymidine1"	"421"	"ADI1x"	141	3	0.67472	0.251492367876244	0.73023	0.67472	0.242538534	0.40011	0.89382	0.49371	-0.209969166043739	-2.33333333333333	0.145199186292486
"thymidine2"	"422"	"ADI2x"	141	3	0.847713333333333	0.199136143463042	0.74299	0.847713333333333	0.02994852	0.72279	1.07736	0.35457	0.380449388828489	-2.33333333333333	0.114971306033771
"thymidine3"	"423"	"Ctrl"	141	3	0.93725	0.059256440156324	0.95552	0.93725	0.04403322	0.87101	0.98522	0.11421	-0.279011379791664	-2.33333333333333	0.034211721675473
"alphatocopherol1"	"424"	"ADI1x"	142	3	0.636646666666667	0.897561851369215	0.16075	0.636646666666667	0.1237971	0.07725	1.67194	1.59469	0.381156032230167	-2.33333333333333	0.518207576502355
"alphatocopherol2"	"425"	"ADI2x"	142	3	0.593523333333333	0.909342285904122	0.07275	0.593523333333333	0.012542796	0.06429	1.64353	1.57924	0.384862700919042	-2.33333333333333	0.525009013552254
"alphatocopherol3"	"426"	"Ctrl"	142	3	0.4498	0.482501512018356	0.29421	0.4498	0.340879392	0.06429	0.9909	0.92661	0.288934117642479	-2.33333333333333	0.2785723778482
"gammatocopherolbetatocopherol1"	"427"	"ADI1x"	143	3	0.648206666666667	0.406579890591423	0.57859	0.648206666666667	0.441310716	0.28093	1.0851	0.80417	0.166205081199366	-2.33333333333333	0.234739009280047
"gammatocopherolbetatocopherol2"	"428"	"ADI2x"	143	3	0.74676	0.587072999464292	0.55317	0.74676	0.403623024	0.28093	1.40618	1.12525	0.293897687201083	-2.33333333333333	0.33894675427467
"gammatocopherolbetatocopherol3"	"429"	"Ctrl"	143	3	0.90678	0.133224692906383	0.98012	0.90678	0.01052646	0.753	0.98722	0.23422	-0.38367070545656	-2.33333333333333	0.076917312312205
"biopterin1"	"430"	"ADI1x"	144	3	0.863176666666667	0.208121606358718	0.87362	0.863176666666667	0.285044676	0.65003	1.06588	0.41585	-0.050052649101465	-2.33333333333333	0.120159065455383
"biopterin2"	"431"	"ADI2x"	144	3	0.810166666666667	0.198690299796778	0.74795	0.810166666666667	0.145176192	0.65003	1.03252	0.38249	0.282430225617242	-2.33333333333333	0.114713898073037
"biopterin3"	"432"	"Ctrl"	144	3	1.13466	0.313955364184146	1.16443	1.13466	0.397692624	0.80688	1.43267	0.62579	-0.093969821050118	-2.33333333333333	0.181262214025244
"dihydrobiopterin1"	"433"	"ADI1x"	145	3	0.937193333333333	0.363326846838124	0.98475	0.937193333333333	0.42943509	0.55243	1.2744	0.72197	-0.128649697028563	-2.33333333333333	0.209766852825809
"dihydrobiopterin2"	"434"	"ADI2x"	145	3	1.06474333333333	0.183021937573979	1.13942	1.06474333333333	0.08776992	0.85619	1.19862	0.34243	-0.340092852001762	-2.33333333333333	0.105667764925943
"dihydrobiopterin3"	"435"	"Ctrl"	145	3	0.997213333333333	0.375072449712497	1.11966	0.997213333333333	0.26108586	0.57622	1.29576	0.71954	-0.291668089651924	-2.33333333333333	0.216548179807122
"heme1"	"436"	"ADI1x"	146	3	1.30779666666667	0.263148768253498	1.22025	1.30779666666667	0.178905342	1.09958	1.60356	0.50398	0.2958662398071	-2.33333333333333	0.151929012188076
"heme2"	"437"	"ADI2x"	146	3	1.14055333333333	0.521579299276086	1.30818	1.14055333333333	0.369953178	0.55577	1.55771	1.00194	-0.288188233084538	-2.33333333333333	0.301133948840785
"heme3"	"438"	"Ctrl"	146	3	1.56286	0.675754968979141	1.74161	1.56286	0.577709916	0.8157	2.13127	1.31557	-0.246010492369263	-2.33333333333333	0.390147313246334
"bilirubinZZ1"	"439"	"ADI1x"	147	3	0.539956666666667	0.429386942201709	0.29205	0.539956666666667	0	0.29205	1.03577	0.74372	0.384900179459751	-2.33333333333333	0.247906666666667
"bilirubinZZ2"	"440"	"ADI2x"	147	3	0.541666666666667	0.432348749082651	0.29205	0.541666666666667	0	0.29205	1.0409	0.74885	0.38490017945975	-2.33333333333333	0.249616666666667
"bilirubinZZ3"	"441"	"Ctrl"	147	3	0.305926666666667	0.024035091706364	0.29205	0.305926666666667	0	0.29205	0.33368	0.04163	0.384900179459752	-2.33333333333333	0.013876666666667
"bilirubinEE*1"	"442"	"ADI1x"	148	3	0.606313333333333	0.376328452463182	0.38904	0.606313333333333	0	0.38904	1.04086	0.65182	0.384900179459751	-2.33333333333333	0.217273333333333
"bilirubinEE*2"	"443"	"ADI2x"	148	3	0.614003333333333	0.389647923173387	0.38904	0.614003333333333	0	0.38904	1.06393	0.67489	0.38490017945975	-2.33333333333333	0.224963333333333
"bilirubinEE*3"	"444"	"Ctrl"	148	3	0.476983333333333	0.152322321520299	0.38904	0.476983333333333	0	0.38904	0.65287	0.26383	0.384900179459751	-2.33333333333333	0.087943333333333
"biliverdin1"	"445"	"ADI1x"	149	3	0.987686666666667	0.222104394673616	0.96146	0.987686666666667	0.26924016	0.77986	1.22174	0.44188	0.116436125019277	-2.33333333333333	0.128232032053011
"biliverdin2"	"446"	"ADI2x"	149	3	0.933973333333333	0.114483424273269	0.99533	0.933973333333333	0.013891962	0.80189	1.0047	0.20281	-0.382001559178762	-2.33333333333333	0.066097035821922
"biliverdin3"	"447"	"Ctrl"	149	3	1.71015333333333	0.431861852255248	1.51678	1.71015333333333	0.160135626	1.40877	2.20491	0.79614	0.357991686267215	-2.33333333333333	0.249335556652298
"retinolVitaminA1"	"448"	"ADI1x"	150	3	0.997093333333333	0.4912255227829	0.81193	0.997093333333333	0.276608682	0.62536	1.55399	0.92863	0.323383862759253	-2.33333333333333	0.283609187811522
"retinolVitaminA2"	"449"	"ADI2x"	150	3	0.90706	0.325145786994081	0.90482	0.90706	0.477071028	0.58304	1.23332	0.65028	0.006888890387786	-2.33333333333333	0.187723007646905
"retinolVitaminA3"	"450"	"Ctrl"	150	3	0.973023333333333	0.047149101087225	0.99369	0.973023333333333	0.018710412	0.91907	1.00631	0.08724	-0.354110473096586	-2.33333333333333	0.027221546204758
"pyridoxal1"	"451"	"ADI1x"	151	3	1.05841333333333	0.172643087418331	1.12399	1.05841333333333	0.095879742	0.86259	1.18866	0.32607	-0.32503700798668	-2.33333333333333	0.099675532994701
"pyridoxal2"	"452"	"ADI2x"	151	3	0.813153333333333	0.143693597746501	0.7788	0.813153333333333	0.13202553	0.68975	0.97091	0.28116	0.225408993434279	-2.33333333333333	0.082961537339768
"pyridoxal3"	"453"	"Ctrl"	151	3	0.91532	0.231841147987151	0.86294	0.91532	0.220596054	0.71415	1.16887	0.45472	0.214398019437698	-2.33333333333333	0.133853549199613
"pyridoxate1"	"454"	"ADI1x"	152	3	1.08826	0.329565418543876	1.0574	1.08826	0.418374894	0.77521	1.43217	0.65696	0.092817428024793	-2.33333333333333	0.190274683111898
"pyridoxate2"	"455"	"ADI2x"	152	3	0.93653	0.058498057232698	0.91731	0.93653	0.04040085	0.89006	1.00222	0.11216	0.293089991638886	-2.33333333333333	0.033773869090368
"pyridoxate3"	"456"	"Ctrl"	152	3	1.03618333333333	0.209860062978484	1.03328	1.03618333333333	0.304659474	0.82779	1.24748	0.41969	0.013831967855278	-2.33333333333333	0.12116276385278
"hippurate1"	"457"	"ADI1x"	153	3	0.71756	0.434128752445631	0.55819	0.71756	0.25582263	0.38564	1.20885	0.82321	0.317630551138297	-2.33333333333333	0.250644352087442
"hippurate2"	"458"	"ADI2x"	153	3	0.911706666666667	0.171817855397317	0.87308	0.911706666666667	0.163960734	0.76249	1.09955	0.33706	0.213449661501871	-2.33333333333333	0.099199085065225
"hippurate3"	"459"	"Ctrl"	153	3	2.56107666666667	1.32682086508817	2.47655	2.56107666666667	1.776169626	1.27854	3.92814	2.6496	0.063447613387782	-2.33333333333333	0.76604038362507
"4hydroxyhippurate1"	"460"	"ADI1x"	154	3	0.979983333333333	0.46315615944661	0.71258	0.979983333333333	0	0.71258	1.51479	0.80221	0.384900179459751	-2.33333333333333	0.267403333333333
"4hydroxyhippurate2"	"461"	"ADI2x"	154	3	0.915553333333333	0.179527576247588	0.98055	0.915553333333333	0.108200148	0.71258	1.05353	0.34095	-0.314588044923443	-2.33333333333333	0.103650294473506
"4hydroxyhippurate3"	"462"	"Ctrl"	154	3	0.71258	0	0.71258	0.71258	0	0.71258	0.71258	0	NA	NA	0
"benzoate1"	"463"	"ADI1x"	155	3	0.747276666666667	0.381786019169552	0.77052	0.747276666666667	0.513557814	0.3544	1.11691	0.76251	-0.060654875214899	-2.33333333333333	0.220424260940376
"benzoate2"	"464"	"ADI2x"	155	3	0.602626666666667	0.429941198460131	0.3544	0.602626666666667	0	0.3544	1.09908	0.74468	0.384900179459751	-2.33333333333333	0.248226666666667
"benzoate3"	"465"	"Ctrl"	155	3	1.04743666666667	0.234961730997483	1.12693	1.04743666666667	0.156280866	0.78304	1.23234	0.4493	-0.29959876941933	-2.33333333333333	0.135655218640657
"catecholsulfate1"	"466"	"ADI1x"	156	3	0.512853333333333	0.059527272181189	0.52154	0.512853333333333	0.068229252	0.44946	0.56756	0.1181	-0.142820008235579	-2.33333333333333	0.034368086617933
"catecholsulfate2"	"467"	"ADI2x"	156	3	1.15879666666667	0.513394899111136	0.99723	1.15879666666667	0.373036986	0.74562	1.73354	0.98792	0.283535111240734	-2.33333333333333	0.296408683202395
"catecholsulfate3"	"468"	"Ctrl"	156	3	1.76812666666667	0.959086767937778	1.45761	1.76812666666667	0.674345784	1.00277	2.844	1.84123	0.28982525743937	-2.33333333333333	0.553729003645084
"4methylcatecholsulfate1"	"469"	"ADI1x"	157	3	0.653123333333333	0.425222167382338	0.5726	0.653123333333333	0.442822968	0.27392	1.11285	0.83893	0.182576928433378	-2.33333333333333	0.245502132803589
"4methylcatecholsulfate2"	"470"	"ADI2x"	157	3	0.27392	0	0.27392	0.27392	0	0.27392	0.27392	0	NA	NA	0
"4methylcatecholsulfate3"	"471"	"Ctrl"	157	3	1.14433	0.507222698723154	1.01754	1.14433	0.452207826	0.71253	1.70292	0.99039	0.234349890631958	-2.33333333333333	0.292845161646902
"pcresolsulfate1"	"472"	"ADI1x"	158	3	1.43338333333333	1.03021433655009	1.67755	1.43338333333333	0.951873678	0.30302	2.31958	2.01656	-0.223692683809512	-2.33333333333333	0.594794524530204
"pcresolsulfate2"	"473"	"ADI2x"	158	3	0.34373	0.45061094937873	0.163	0.34373	0.224554596	0.01154	0.85665	0.84511	0.336559005381766	-2.33333333333333	0.260160352923602
"pcresolsulfate3"	"474"	"Ctrl"	158	3	1.24393666666667	0.510770950655314	1.01665	1.24393666666667	0.193316214	0.88626	1.8289	0.94264	0.356873783451593	-2.33333333333333	0.294893745855087
"33hydroxyphenylpropionatesulfate1"	"475"	"ADI1x"	159	3	0.97366	0.791386250891434	0.92375	0.97366	1.060563084	0.20841	1.78882	1.58041	0.062815709051172	-2.33333333333333	0.456907064985138
"33hydroxyphenylpropionatesulfate2"	"476"	"ADI2x"	159	3	1.16202	0.364239009992066	1.1229	1.16202	0.450680748	0.81892	1.54424	0.72532	0.106163102466374	-2.33333333333333	0.210293490468282
"33hydroxyphenylpropionatesulfate3"	"477"	"Ctrl"	159	3	1.36389333333333	0.798278551780851	1.36816	1.36389333333333	1.174026462	0.56349	2.16003	1.59654	-0.005344681715668	-2.33333333333333	0.460886336758979
"23dihydroxyisovalerate1"	"478"	"ADI1x"	160	3	0.642976666666667	0.066111244378951	0.6254	0.642976666666667	0.056294322	0.58743	0.7161	0.12867	0.247072553741791	-2.33333333333333	0.038169344738648
"23dihydroxyisovalerate2"	"479"	"ADI2x"	160	3	0.844633333333333	0.254790292266666	0.84953	0.844633333333333	0.366810066	0.58743	1.09694	0.50951	-0.019211321007738	-2.33333333333333	0.147103243827063
"23dihydroxyisovalerate3"	"480"	"Ctrl"	160	3	1.13089666666667	0.497454076506901	1.24156	1.13089666666667	0.477604764	0.58743	1.5637	0.97627	-0.211450284620118	-2.33333333333333	0.287205244980736
"gluconate1"	"481"	"ADI1x"	161	3	1.25079	0.165013685190047	1.25565	1.25079	0.233761542	1.0834	1.41332	0.32992	-0.029426555151078	-2.33333333333333	0.095270695564446
"gluconate2"	"482"	"ADI2x"	161	3	0.93017	0.12095732635934	0.99859	0.93017	0.004180932	0.79051	1.00141	0.2109	-0.384664831788898	-2.33333333333333	0.069834744934023
"gluconate3"	"483"	"Ctrl"	161	3	1.27406666666667	0.285076677813765	1.40512	1.27406666666667	0.096265218	0.94703	1.47005	0.52302	-0.362558918026481	-2.33333333333333	0.164589096675462
"genisteinsulfate*1"	"484"	"ADI1x"	162	3	0.21653	0.307369736311173	0.03907	0.21653	0	0.03907	0.57145	0.53238	0.38490017945975	-2.33333333333333	0.17746
"genisteinsulfate*2"	"485"	"ADI2x"	162	3	0.139476666666667	0.173909448085299	0.03907	0.139476666666667	0	0.03907	0.34029	0.30122	0.38490017945975	-2.33333333333333	0.100406666666667
"genisteinsulfate*3"	"486"	"Ctrl"	162	3	1.79514666666667	0.940821419310452	1.38537	1.79514666666667	0.380524116	1.12871	2.87136	1.74265	0.352925377849034	-2.33333333333333	0.543183499698255
"equolsulfate1"	"487"	"ADI1x"	163	3	0.569036666666667	0.651983706417065	0.24916	0.569036666666667	0.163664214	0.13877	1.31918	1.18041	0.372524027963529	-2.33333333333333	0.376422968407142
"equolsulfate2"	"488"	"ADI2x"	163	3	1.29637	0.540493825034107	1	1.29637	0.046123686	0.96889	1.92022	0.95133	0.383466113080189	-2.33333333333333	0.312054255378772
"equolsulfate3"	"489"	"Ctrl"	163	3	0.13877	0	0.13877	0.13877	0	0.13877	0.13877	0	NA	NA	0
"ergothioneine1"	"490"	"ADI1x"	164	3	1.69178	0.226624647379759	1.58344	1.69178	0.064908228	1.53966	1.95224	0.41258	0.368803267508097	-2.33333333333333	0.130841801169708
"ergothioneine2"	"491"	"ADI2x"	164	3	0.546956666666667	0.307461837035645	0.69619	0.546956666666667	0.081735738	0.19336	0.75132	0.55796	-0.371025130613661	-2.33333333333333	0.177513174378066
"ergothioneine3"	"492"	"Ctrl"	164	3	1.02602333333333	0.953261995273772	0.76168	1.02602333333333	0.78407301	0.23283	2.08356	1.85073	0.255979988305114	-2.33333333333333	0.550366069579552
"homostachydrine*1"	"493"	"ADI1x"	165	3	0.76564	0.218844229761719	0.76151	0.76564	0.315230412	0.54889	0.98652	0.43763	0.018865149496106	-2.33333333333333	0.126349774963525
"homostachydrine*2"	"494"	"ADI2x"	165	3	1.09253666666667	0.263978672686513	1.2149	1.09253666666667	0.086331798	0.78958	1.27313	0.48355	-0.363937665152015	-2.33333333333333	0.152408157735879
"homostachydrine*3"	"495"	"Ctrl"	165	3	1.36653666666667	0.833417295376892	1.34814	1.36653666666667	1.194486342	0.54247	2.209	1.66653	0.022063020486453	-2.33333333333333	0.481173699833138
"methylindole3acetate1"	"496"	"ADI1x"	166	3	0.818043333333333	1.03791989943027	0.2188	0.818043333333333	0	0.2188	2.01653	1.79773	0.384900179459751	-2.33333333333333	0.599243333333333
"methylindole3acetate2"	"497"	"ADI2x"	166	3	0.8026	0.753255525635226	0.53613	0.8026	0.470473458	0.2188	1.65287	1.43407	0.309486913739994	-2.33333333333333	0.434892280494071
"methylindole3acetate3"	"498"	"Ctrl"	166	3	0.921623333333333	0.624784529764729	1.13202	0.921623333333333	0.418137678	0.2188	1.41405	1.19525	-0.298562863536667	-2.33333333333333	0.36071951644518
"Nglycolylneuraminate1"	"499"	"ADI1x"	167	3	0.688966666666667	0.575034024848385	0.3804	0.688966666666667	0.068674032	0.33408	1.35242	1.01834	0.382092439361391	-2.33333333333333	0.331996049039409
"Nglycolylneuraminate2"	"500"	"ADI2x"	167	3	1.94057	1.02833265026449	2.26437	1.94057	0.746726316	0.78931	2.76803	1.97872	-0.283658886224774	-2.33333333333333	0.593708132446688
"Nglycolylneuraminate3"	"501"	"Ctrl"	167	3	1.0317	0.713997975067157	1	1.0317	0.987292992	0.33408	1.76102	1.42694	0.044310369141415	-2.33333333333333	0.412226923105871
"stachydrine1"	"502"	"ADI1x"	168	3	0.850143333333333	0.399788776397404	0.99693	0.850143333333333	0.235525836	0.39771	1.15579	0.75808	-0.317664785124143	-2.33333333333333	0.230818157672032
"stachydrine2"	"503"	"ADI2x"	168	3	1.30167	0.375887170704189	1.32633	1.30167	0.501548754	0.91406	1.66462	0.75056	-0.065322430634755	-2.33333333333333	0.21701855919099
"stachydrine3"	"504"	"Ctrl"	168	3	1.70831666666667	0.741053961755373	1.9569	1.70831666666667	0.498479772	0.87493	2.29312	1.41819	-0.29770004097008	-2.33333333333333	0.427847704303503
"methylglucopyranosidealpha+beta1"	"505"	"ADI1x"	169	3	0.793926666666667	0.146201866039163	0.84343	0.793926666666667	0.097139952	0.6294	0.90895	0.27955	-0.299776748103396	-2.33333333333333	0.084409686713736
"methylglucopyranosidealpha+beta2"	"506"	"ADI2x"	169	3	1.03452666666667	0.064295634636679	1.00642	1.03452666666667	0.02572311	0.98907	1.10809	0.11902	0.353609453132641	-2.33333333333334	0.037121101965205
"methylglucopyranosidealpha+beta3"	"507"	"Ctrl"	169	3	1.02550666666667	0.03315129157866	1.02318	1.02550666666667	0.04388496	0.99358	1.05976	0.06618	0.069837587266035	-2.33333333333333	0.019139907116923
"daidzeinsulfate(21"	"508"	"ADI1x"	170	3	0.195533333333333	0.199330180437718	0.08045	0.195533333333333	0	0.08045	0.4257	0.34525	0.384900179459751	-2.33333333333333	0.115083333333333
"daidzeinsulfate(22"	"509"	"ADI2x"	170	3	0.08045	0	0.08045	0.08045	0	0.08045	0.08045	0	NA	NA	0
"daidzeinsulfate(23"	"510"	"Ctrl"	170	3	1.58753	0.69743533406331	1.37559	1.58753	0.526234044	1.02065	2.36635	1.3457	0.275822265972807	-2.33333333333333	0.402664477863808
"tartronate(hydroxymalonate1"	"511"	"ADI1x"	171	3	0.959953333333333	0.394479751360362	1.1727	0.959953333333333	0.044018394	0.50477	1.20239	0.69762	-0.382448773840227	-2.33333333333333	0.227752990637762
"tartronate(hydroxymalonate2"	"512"	"ADI2x"	171	3	0.926716666666667	0.045411498910885	0.9529	0.926716666666667	0.000103782	0.87428	0.95297	0.07869	-0.384899150579255	-2.33333333333333	0.026218341120504
"tartronate(hydroxymalonate3"	"513"	"Ctrl"	171	3	2.30795	0.215394268958113	2.33176	2.30795	0.264925794	2.08164	2.51045	0.42881	-0.109190721662469	-2.33333333333333	0.124357939164869
"sulfate*1"	"514"	"ADI1x"	172	3	0.986503333333333	0.192826269043752	1.01558	0.986503333333333	0.218772456	0.78079	1.16314	0.38235	-0.147363295433468	-2.33333333333333	0.111328298339241
"sulfate*2"	"515"	"ADI2x"	172	3	0.998743333333333	0.138816359746729	1.06971	0.998743333333333	0.026716452	0.83879	1.08773	0.24894	-0.377616259628089	-2.33333333333333	0.080145662667698
"sulfate*3"	"516"	"Ctrl"	172	3	1.00614	0.075720513072747	0.9839	1.00614	0.059111262	0.94403	1.09049	0.14646	0.268374195147513	-2.33333333333333	0.043717258605727
"OsulfoLtyrosine1"	"517"	"ADI1x"	173	3	1.26172666666667	0.027161924330454	1.2525	1.26172666666667	0.017969112	1.24038	1.2923	0.05192	0.300494194521701	-2.33333333333333	0.015681944323896
"OsulfoLtyrosine2"	"518"	"ADI2x"	173	3	0.998863333333333	0.099638276948838	1.01986	0.998863333333333	0.098548422	0.8904	1.08633	0.19593	-0.201371150281049	-2.33333333333333	0.057526186018002
"OsulfoLtyrosine3"	"519"	"Ctrl"	173	3	0.7523	0.149565607009098	0.67064	0.7523	0.01378818	0.66134	0.92492	0.26358	0.383226670382701	-2.33333333333333	0.086351743468213
"1(3aminopropyl2pyrrolidone1"	"520"	"ADI1x"	174	3	1.36161666666667	0.412641901935968	1.36017	1.36161666666667	0.608562822	0.9497	1.77498	0.82528	0.003505821582281	-2.33333333333333	0.238238913161651
"1(3aminopropyl2pyrrolidone2"	"521"	"ADI2x"	174	3	1.01956333333333	0.211073302512026	1.0349	1.01956333333333	0.27820989	0.80124	1.22255	0.42131	-0.072276768675084	-2.33333333333333	0.121863228024062
"1(3aminopropyl2pyrrolidone3"	"522"	"Ctrl"	174	3	0.779716666666667	0.283296946741989	0.93848	0.779716666666667	0.01415883	0.45264	0.94803	0.49539	-0.384408171446255	-2.33333333333333	0.163561568462086
"ethylglucuronide1"	"523"	"ADI1x"	175	3	0.817453333333333	0.277197970831919	0.66203	0.817453333333333	0.013625094	0.65284	1.13749	0.48465	0.384424294657578	-2.33333333333333	0.160040323078626
"ethylglucuronide2"	"524"	"ADI2x"	175	3	0.507216666666667	0.105348341388621	0.52683	0.507216666666667	0.11052783	0.39344	0.60138	0.20794	-0.179722864503921	-2.33333333333333	0.060822893259401
"ethylglucuronide3"	"525"	"Ctrl"	175	3	0.99497	0.346905535845135	0.86251	0.99497	0.19081062	0.73381	1.38859	0.65478	0.326163138022443	-2.33333333333333	0.20028600450356
"S(3hydroxypropylmercapturicacid(HPMA1"	"526"	"ADI1x"	176	3	0.777736666666667	0.228762340067882	0.90047	0.777736666666667	0.027383622	0.5138	0.91894	0.40514	-0.382079392731804	-2.33333333333333	0.13207599861864
"S(3hydroxypropylmercapturicacid(HPMA2"	"527"	"ADI2x"	176	3	1.36407666666667	0.534615723144516	1.13506	1.36407666666667	0.226748844	0.98212	1.97505	0.99293	0.349766537145188	-2.33333333333333	0.308660531670492
"S(3hydroxypropylmercapturicacid(HPMA3"	"528"	"Ctrl"	176	3	1.16059333333333	0.019631141926371	1.16956	1.16059333333333	0.006790308	1.13808	1.17414	0.03606	-0.361465275578476	-2.33333333333333	0.01133404507569
"perfluorooctanesulfonicacid(PFOS1"	"529"	"ADI1x"	177	3	0.826893333333333	0.255408345465322	0.76372	0.826893333333333	0.229387872	0.609	1.10796	0.49896	0.232210486170283	-2.33333333333333	0.147460077007681
"perfluorooctanesulfonicacid(PFOS2"	"530"	"ADI2x"	177	3	0.95048	0.095270415659847	0.95853	0.95048	0.122966844	0.85144	1.04147	0.19003	-0.083893052546822	-2.33333333333333	0.05500440012702
"perfluorooctanesulfonicacid(PFOS3"	"531"	"Ctrl"	177	3	1.49515333333333	0.094118362360027	1.4683	1.49515333333333	0.075493992	1.41738	1.59978	0.1824	0.262088653294281	-2.33333333333333	0.054339261844248
"4hydroxychlorothalonil1"	"532"	"ADI1x"	178	3	0.770953333333333	0.275483887792614	0.92277	0.770953333333333	0.021290136	0.45296	0.93713	0.48417	-0.383723944318632	-2.33333333333333	0.15905069677447
"4hydroxychlorothalonil2"	"533"	"ADI2x"	178	3	0.953386666666667	0.441681542441308	1.11838	0.953386666666667	0.252694344	0.45296	1.28882	0.83586	-0.321429184546144	-2.33333333333333	0.255004957424579
"4hydroxychlorothalonil3"	"534"	"Ctrl"	178	3	1.03881	0.17426170089839	1.06003	1.03881	0.209728596	0.85491	1.20149	0.34658	-0.119965239798146	-2.33333333333333	0.100610039923128
"6hydroxyindolesulfate1"	"535"	"ADI1x"	179	3	0.988026666666667	0.355205804757373	1.04696	0.988026666666667	0.390101712	0.60704	1.31008	0.70304	-0.161346079982724	-2.33333333333333	0.205078166994387
"6hydroxyindolesulfate2"	"536"	"ADI2x"	179	3	0.875793333333333	0.178756208377033	0.95492	0.875793333333333	0.068807466	0.67113	1.00133	0.3302	-0.355918124402715	-2.33333333333333	0.103204945025797
"6hydroxyindolesulfate3"	"537"	"Ctrl"	179	3	1.02814666666667	0.03138571862063	1.03738	1.02814666666667	0.0244629	0.99318	1.05388	0.0607	-0.268727779003543	-2.33333333333334	0.01812055309433
"thioproline1"	"538"	"ADI1x"	180	3	1.55822333333333	0.476035142645302	1.56892	1.55822333333333	0.68184774	1.07693	2.02882	0.95189	-0.02245898420876	-2.33333333333333	0.274839017749987
"thioproline2"	"539"	"ADI2x"	180	3	0.844103333333333	0.314155471436251	1	0.844103333333333	0.073863132	0.48249	1.04982	0.56733	-0.374038976081411	-2.33333333333333	0.181377746001114
"thioproline3"	"540"	"Ctrl"	180	3	0.643603333333333	0.279056479110114	0.48249	0.643603333333333	0	0.48249	0.96583	0.48334	0.38490017945975	-2.33333333333333	0.161113333333333
